# Transition                      wide 
# Notes                           
# Creation Comment                
# Energy Mode                     KE
# Start Energy in eV              149.6
# End Energy in eV                1259.6
# Energy Step in eV               0.5
# Number Of Sweeps                1
# Dwell Time per Sweep in s       0.3
# Analyser Mode                   CAE
# Pass Energy in eV/Retard Ratio  50
# Magnification                   high
# Divide Voltages By 10           off
# Excitation Source               Mg Ka 1253.6 eV normal
# Excitation Energy in eV         1253.6
# Analyser Workfunction in eV     4.5
# Entrance Slit                   6 x 12 mm
# Exit Slit                       5 x 11 mm
# 
# 
# Kinetic Energy in eV         Counts
# --------------------         ------
149.600                    99102.4000
150.100                    99681.9000
150.600                   101069.8000
151.100                   100977.6000
151.600                   101083.8000
152.100                   101053.9000
152.600                   100198.6000
153.100                    99331.0000
153.600                    98944.4000
154.100                    98841.7000
154.600                    98192.2000
155.100                    98444.7000
155.600                    98026.5000
156.100                    98374.6000
156.600                    98518.0000
157.100                    98442.3000
157.600                    97484.3000
158.100                    96783.0000
158.600                    96255.7000
159.100                    95503.7000
159.600                    94720.1000
160.100                    94230.5000
160.600                    94121.0000
161.100                    93852.9000
161.600                    93545.9000
162.100                    93563.0000
162.600                    93370.7000
163.100                    93248.0000
163.600                    92902.0000
164.100                    93152.4000
164.600                    92922.6000
165.100                    93013.1000
165.600                    92656.8000
166.100                    92447.3000
166.600                    92137.2000
167.100                    92011.7000
167.600                    91928.8000
168.100                    91720.4000
168.600                    91512.3000
169.100                    90874.8000
169.600                    91357.6000
170.100                    91381.9000
170.600                    90891.4000
171.100                    91058.9000
171.600                    90959.3000
172.100                    90170.8000
172.600                    89897.2000
173.100                    90440.9000
173.600                    89719.9000
174.100                    89584.8000
174.600                    89467.6000
175.100                    89201.1000
175.600                    89482.5000
176.100                    89135.9000
176.600                    89174.0000
177.100                    89100.4000
177.600                    89056.9000
178.100                    88860.4000
178.600                    89226.0000
179.100                    88884.3000
179.600                    88515.2000
180.100                    88899.4000
180.600                    89019.4000
181.100                    89070.1000
181.600                    89125.9000
182.100                    89201.2000
182.600                    89134.7000
183.100                    88679.0000
183.600                    88718.7000
184.100                    88451.8000
184.600                    88297.2000
185.100                    88449.6000
185.600                    88644.1000
186.100                    88204.0000
186.600                    87739.5000
187.100                    87618.0000
187.600                    87873.7000
188.100                    87854.4000
188.600                    87862.6000
189.100                    87778.8000
189.600                    87321.5000
190.100                    87414.9000
190.600                    87552.4000
191.100                    87240.8000
191.600                    87563.1000
192.100                    86888.5000
192.600                    86980.4000
193.100                    86768.4000
193.600                    86880.1000
194.100                    86492.5000
194.600                    86687.9000
195.100                    86076.8000
195.600                    85771.6000
196.100                    85437.1000
196.600                    85544.3000
197.100                    85303.1000
197.600                    84946.6000
198.100                    85664.2000
198.600                    84893.1000
199.100                    85333.9000
199.600                    85116.1000
200.100                    84609.1000
200.600                    84594.9000
201.100                    84696.3000
201.600                    83966.4000
202.100                    84089.1000
202.600                    84294.2000
203.100                    83847.3000
203.600                    84338.8000
204.100                    83750.8000
204.600                    83708.1000
205.100                    83327.0000
205.600                    83344.2000
206.100                    83386.9000
206.600                    83328.9000
207.100                    82967.7000
207.600                    82692.5000
208.100                    82347.4000
208.600                    82775.2000
209.100                    82598.3000
209.600                    81959.7000
210.100                    82023.7000
210.600                    82078.0000
211.100                    82210.7000
211.600                    81989.3000
212.100                    81388.2000
212.600                    81824.0000
213.100                    82120.9000
213.600                    81153.7000
214.100                    81696.7000
214.600                    81521.2000
215.100                    81431.2000
215.600                    81583.9000
216.100                    81166.8000
216.600                    80735.6000
217.100                    81051.8000
217.600                    81158.0000
218.100                    80756.4000
218.600                    81020.5000
219.100                    80867.3000
219.600                    80537.9000
220.100                    80611.6000
220.600                    80462.7000
221.100                    79967.6000
221.600                    79812.8000
222.100                    80075.0000
222.600                    80043.8000
223.100                    80144.5000
223.600                    79686.5000
224.100                    79554.3000
224.600                    79571.3000
225.100                    79630.2000
225.600                    78959.5000
226.100                    78818.3000
226.600                    79247.8000
227.100                    78975.8000
227.600                    78732.8000
228.100                    78975.8000
228.600                    78506.3000
229.100                    78426.4000
229.600                    78847.4000
230.100                    78380.2000
230.600                    78011.7000
231.100                    78344.2000
231.600                    78096.5000
232.100                    78290.5000
232.600                    78429.8000
233.100                    78618.0000
233.600                    77746.3000
234.100                    77720.8000
234.600                    77814.9000
235.100                    77994.8000
235.600                    78253.9000
236.100                    77947.5000
236.600                    78305.9000
237.100                    78570.4000
237.600                    78449.2000
238.100                    77861.3000
238.600                    78187.3000
239.100                    78777.1000
239.600                    78418.1000
240.100                    78564.9000
240.600                    78886.2000
241.100                    78649.7000
241.600                    78623.9000
242.100                    78515.2000
242.600                    77813.3000
243.100                    77562.1000
243.600                    77526.1000
244.100                    77413.9000
244.600                    77077.9000
245.100                    76765.7000
245.600                    76774.1000
246.100                    76637.9000
246.600                    76343.8000
247.100                    76668.6000
247.600                    76217.7000
248.100                    76379.9000
248.600                    76133.4000
249.100                    75975.3000
249.600                    75434.4000
250.100                    75960.8000
250.600                    75738.6000
251.100                    75127.2000
251.600                    75041.7000
252.100                    75594.4000
252.600                    75519.1000
253.100                    75119.2000
253.600                    75485.8000
254.100                    75166.1000
254.600                    74880.4000
255.100                    75212.4000
255.600                    75714.7000
256.100                    75712.3000
256.600                    75762.5000
257.100                    76196.6000
257.600                    76223.3000
258.100                    76193.6000
258.600                    76217.4000
259.100                    76373.2000
259.600                    76470.5000
260.100                    76599.7000
260.600                    76462.2000
261.100                    76173.8000
261.600                    76065.8000
262.100                    75435.8000
262.600                    75061.1000
263.100                    74645.9000
263.600                    74130.3000
264.100                    74212.6000
264.600                    73832.5000
265.100                    73254.0000
265.600                    72984.0000
266.100                    72417.0000
266.600                    72427.4000
267.100                    71869.6000
267.600                    71125.5000
268.100                    71002.6000
268.600                    70550.4000
269.100                    70148.6000
269.600                    69066.9000
270.100                    69359.8000
270.600                    69102.3000
271.100                    68762.6000
271.600                    68354.3000
272.100                    68138.2000
272.600                    67796.8000
273.100                    67797.2000
273.600                    67545.8000
274.100                    67413.4000
274.600                    67297.9000
275.100                    67058.6000
275.600                    67101.1000
276.100                    67180.4000
276.600                    66643.0000
277.100                    66917.3000
277.600                    66677.7000
278.100                    67067.1000
278.600                    66754.1000
279.100                    66213.2000
279.600                    66114.0000
280.100                    66104.2000
280.600                    66219.7000
281.100                    66082.7000
281.600                    66063.9000
282.100                    65848.7000
282.600                    65663.8000
283.100                    65702.3000
283.600                    65850.1000
284.100                    65906.4000
284.600                    65940.3000
285.100                    65707.4000
285.600                    65733.3000
286.100                    65629.5000
286.600                    65728.8000
287.100                    65842.6000
287.600                    65634.0000
288.100                    65480.3000
288.600                    65204.4000
289.100                    65814.8000
289.600                    65955.7000
290.100                    65619.5000
290.600                    65293.2000
291.100                    65053.2000
291.600                    64567.4000
292.100                    64964.5000
292.600                    65132.0000
293.100                    65198.3000
293.600                    64798.9000
294.100                    64785.7000
294.600                    64652.1000
295.100                    64738.9000
295.600                    64583.0000
296.100                    64403.6000
296.600                    64226.4000
297.100                    63756.5000
297.600                    63554.1000
298.100                    63332.6000
298.600                    63329.8000
299.100                    63252.5000
299.600                    62967.3000
300.100                    62440.3000
300.600                    62720.3000
301.100                    62308.0000
301.600                    61945.8000
302.100                    61595.4000
302.600                    61120.4000
303.100                    60389.8000
303.600                    60456.8000
304.100                    60158.2000
304.600                    59694.3000
305.100                    59614.8000
305.600                    58818.2000
306.100                    58542.7000
306.600                    58612.2000
307.100                    57943.2000
307.600                    57874.2000
308.100                    57582.0000
308.600                    57204.1000
309.100                    56931.9000
309.600                    56804.7000
310.100                    56275.4000
310.600                    56133.5000
311.100                    55539.3000
311.600                    55549.3000
312.100                    55059.6000
312.600                    55265.3000
313.100                    55170.0000
313.600                    55060.5000
314.100                    54921.0000
314.600                    54844.5000
315.100                    55217.1000
315.600                    55173.7000
316.100                    54834.7000
316.600                    54535.0000
317.100                    54432.4000
317.600                    54161.8000
318.100                    54282.7000
318.600                    54327.0000
319.100                    54411.6000
319.600                    53968.9000
320.100                    54392.3000
320.600                    54603.3000
321.100                    53841.5000
321.600                    53974.0000
322.100                    54072.1000
322.600                    54230.4000
323.100                    54507.1000
323.600                    54448.1000
324.100                    54170.6000
324.600                    54658.5000
325.100                    54452.6000
325.600                    54672.2000
326.100                    54413.0000
326.600                    54363.8000
327.100                    54366.5000
327.600                    55259.7000
328.100                    54744.9000
328.600                    54802.3000
329.100                    55170.9000
329.600                    55030.4000
330.100                    54949.7000
330.600                    54911.6000
331.100                    54791.0000
331.600                    54914.4000
332.100                    54966.5000
332.600                    54987.2000
333.100                    54888.8000
333.600                    54885.6000
334.100                    54530.0000
334.600                    54185.2000
335.100                    54237.8000
335.600                    54276.0000
336.100                    53975.5000
336.600                    53663.4000
337.100                    53592.2000
337.600                    53230.2000
338.100                    53039.9000
338.600                    52749.4000
339.100                    52495.9000
339.600                    52581.7000
340.100                    52556.3000
340.600                    51936.5000
341.100                    51056.1000
341.600                    51054.7000
342.100                    50882.3000
342.600                    50889.0000
343.100                    50909.7000
343.600                    51197.2000
344.100                    50610.0000
344.600                    50777.3000
345.100                    50793.3000
345.600                    50989.4000
346.100                    51462.1000
346.600                    52150.0000
347.100                    52711.2000
347.600                    53917.0000
348.100                    54766.2000
348.600                    55977.6000
349.100                    56594.0000
349.600                    57770.6000
350.100                    59373.9000
350.600                    61255.7000
351.100                    63960.4000
351.600                    65570.6000
352.100                    66321.0000
352.600                    64913.7000
353.100                    62534.3000
353.600                    60268.1000
354.100                    58107.8000
354.600                    55634.1000
355.100                    54345.3000
355.600                    53773.0000
356.100                    54026.2000
356.600                    54810.2000
357.100                    56039.1000
357.600                    56507.4000
358.100                    55553.4000
358.600                    52682.2000
359.100                    48841.0000
359.600                    46103.5000
360.100                    44478.0000
360.600                    42706.3000
361.100                    41628.9000
361.600                    41536.6000
362.100                    41144.6000
362.600                    40823.5000
363.100                    40526.6000
363.600                    40259.3000
364.100                    39728.2000
364.600                    39374.2000
365.100                    38954.4000
365.600                    38629.7000
366.100                    38386.6000
366.600                    38521.4000
367.100                    38305.4000
367.600                    38092.0000
368.100                    38094.4000
368.600                    37903.8000
369.100                    37659.0000
369.600                    37307.8000
370.100                    37336.8000
370.600                    37161.2000
371.100                    37235.5000
371.600                    37385.8000
372.100                    37419.6000
372.600                    37486.2000
373.100                    36890.0000
373.600                    37052.4000
374.100                    37007.1000
374.600                    36950.8000
375.100                    36758.4000
375.600                    36462.9000
376.100                    36749.1000
376.600                    36656.7000
377.100                    36763.7000
377.600                    36688.9000
378.100                    36349.8000
378.600                    36190.6000
379.100                    36261.2000
379.600                    36192.5000
380.100                    36123.3000
380.600                    35753.7000
381.100                    35677.9000
381.600                    35738.8000
382.100                    35306.6000
382.600                    35554.7000
383.100                    35527.0000
383.600                    35325.5000
384.100                    35510.4000
384.600                    35260.4000
385.100                    35464.6000
385.600                    35821.7000
386.100                    35237.3000
386.600                    35206.7000
387.100                    35401.0000
387.600                    35326.5000
388.100                    35063.7000
388.600                    35079.1000
389.100                    35450.1000
389.600                    35102.2000
390.100                    35121.5000
390.600                    35269.3000
391.100                    35196.5000
391.600                    35379.4000
392.100                    35109.4000
392.600                    34992.0000
393.100                    34961.3000
393.600                    35003.1000
394.100                    34892.4000
394.600                    35231.5000
395.100                    35406.7000
395.600                    35093.0000
396.100                    35005.3000
396.600                    34939.0000
397.100                    34970.2000
397.600                    34777.6000
398.100                    35041.3000
398.600                    34920.9000
399.100                    34938.8000
399.600                    34867.7000
400.100                    34704.1000
400.600                    34465.4000
401.100                    34612.9000
401.600                    34838.1000
402.100                    34770.0000
402.600                    34910.3000
403.100                    34771.0000
403.600                    34791.2000
404.100                    34999.5000
404.600                    34869.6000
405.100                    34941.1000
405.600                    35117.1000
406.100                    34873.7000
406.600                    34922.0000
407.100                    34715.0000
407.600                    34729.8000
408.100                    34848.0000
408.600                    34880.9000
409.100                    34783.5000
409.600                    34645.0000
410.100                    34886.0000
410.600                    34489.3000
411.100                    34741.3000
411.600                    34921.1000
412.100                    34800.5000
412.600                    34655.1000
413.100                    34515.4000
413.600                    34625.1000
414.100                    34560.0000
414.600                    34556.1000
415.100                    34529.8000
415.600                    34428.2000
416.100                    34585.4000
416.600                    34714.0000
417.100                    34440.1000
417.600                    34310.3000
418.100                    34614.9000
418.600                    34465.9000
419.100                    34424.0000
419.600                    34671.7000
420.100                    34647.3000
420.600                    34797.1000
421.100                    34744.2000
421.600                    34721.2000
422.100                    34983.4000
422.600                    34856.8000
423.100                    34788.3000
423.600                    34878.7000
424.100                    34809.1000
424.600                    34776.6000
425.100                    34624.4000
425.600                    34327.3000
426.100                    34658.7000
426.600                    34478.6000
427.100                    34548.5000
427.600                    34310.6000
428.100                    34242.5000
428.600                    34424.6000
429.100                    34672.5000
429.600                    34677.3000
430.100                    34411.4000
430.600                    34458.8000
431.100                    34399.6000
431.600                    34519.0000
432.100                    34764.7000
432.600                    34543.0000
433.100                    34558.0000
433.600                    34540.7000
434.100                    34691.8000
434.600                    34414.6000
435.100                    34562.9000
435.600                    34546.9000
436.100                    34453.9000
436.600                    34247.4000
437.100                    34474.2000
437.600                    34459.4000
438.100                    34354.5000
438.600                    34507.2000
439.100                    34598.9000
439.600                    34786.6000
440.100                    34442.9000
440.600                    34506.7000
441.100                    34522.0000
441.600                    34471.9000
442.100                    34558.3000
442.600                    34467.2000
443.100                    34680.6000
443.600                    34288.4000
444.100                    34445.2000
444.600                    34731.2000
445.100                    34616.9000
445.600                    34443.2000
446.100                    34528.2000
446.600                    34427.2000
447.100                    34467.7000
447.600                    34541.4000
448.100                    34637.2000
448.600                    34577.6000
449.100                    34415.0000
449.600                    34831.6000
450.100                    34585.3000
450.600                    34395.4000
451.100                    34362.5000
451.600                    34446.5000
452.100                    34392.6000
452.600                    34154.9000
453.100                    34588.6000
453.600                    34194.1000
454.100                    34319.8000
454.600                    34325.0000
455.100                    34519.2000
455.600                    34526.6000
456.100                    34515.1000
456.600                    34854.5000
457.100                    34508.4000
457.600                    34599.8000
458.100                    34458.1000
458.600                    34688.4000
459.100                    34764.6000
459.600                    34700.2000
460.100                    34549.8000
460.600                    34432.5000
461.100                    34494.4000
461.600                    34590.7000
462.100                    34399.7000
462.600                    34541.1000
463.100                    34471.5000
463.600                    34758.5000
464.100                    34373.9000
464.600                    34384.2000
465.100                    34510.5000
465.600                    34522.1000
466.100                    34362.9000
466.600                    34855.1000
467.100                    34796.2000
467.600                    34658.7000
468.100                    34418.3000
468.600                    34561.0000
469.100                    34754.7000
469.600                    34648.1000
470.100                    34559.5000
470.600                    34571.9000
471.100                    34755.8000
471.600                    34558.1000
472.100                    34552.5000
472.600                    34510.4000
473.100                    34650.0000
473.600                    34438.5000
474.100                    34453.3000
474.600                    34467.5000
475.100                    34340.3000
475.600                    34380.3000
476.100                    34414.4000
476.600                    34378.5000
477.100                    34623.8000
477.600                    34230.1000
478.100                    33945.4000
478.600                    34071.2000
479.100                    34596.0000
479.600                    34259.9000
480.100                    34374.5000
480.600                    34192.5000
481.100                    34212.8000
481.600                    34474.6000
482.100                    34352.7000
482.600                    34235.8000
483.100                    34328.6000
483.600                    34005.8000
484.100                    34306.2000
484.600                    34427.1000
485.100                    34682.3000
485.600                    34540.1000
486.100                    34679.6000
486.600                    34440.9000
487.100                    34277.2000
487.600                    34164.5000
488.100                    34373.5000
488.600                    34435.2000
489.100                    34664.9000
489.600                    34066.8000
490.100                    34131.2000
490.600                    34148.4000
491.100                    34235.9000
491.600                    33852.5000
492.100                    34116.0000
492.600                    34384.3000
493.100                    33845.5000
493.600                    33893.1000
494.100                    33838.4000
494.600                    33997.5000
495.100                    33877.3000
495.600                    33931.2000
496.100                    34070.6000
496.600                    34157.4000
497.100                    33785.4000
497.600                    33761.1000
498.100                    33614.8000
498.600                    33523.6000
499.100                    33643.7000
499.600                    33829.6000
500.100                    33660.3000
500.600                    33590.5000
501.100                    33601.2000
501.600                    33763.8000
502.100                    33985.1000
502.600                    33920.1000
503.100                    33734.6000
503.600                    33697.4000
504.100                    34196.7000
504.600                    34402.8000
505.100                    34068.4000
505.600                    34278.2000
506.100                    34297.2000
506.600                    34566.4000
507.100                    34832.8000
507.600                    34808.4000
508.100                    34601.7000
508.600                    34711.7000
509.100                    34701.2000
509.600                    34565.1000
510.100                    34515.7000
510.600                    34416.0000
511.100                    34178.1000
511.600                    34206.2000
512.100                    34112.7000
512.600                    34183.3000
513.100                    34121.7000
513.600                    33782.1000
514.100                    33547.9000
514.600                    33678.7000
515.100                    33523.5000
515.600                    33487.4000
516.100                    33412.0000
516.600                    33443.7000
517.100                    33302.5000
517.600                    33387.2000
518.100                    33138.1000
518.600                    32903.0000
519.100                    32841.7000
519.600                    33103.9000
520.100                    32850.7000
520.600                    32834.5000
521.100                    32520.4000
521.600                    32495.9000
522.100                    32590.6000
522.600                    31977.9000
523.100                    31856.3000
523.600                    31896.3000
524.100                    31988.2000
524.600                    31985.6000
525.100                    31967.1000
525.600                    31748.2000
526.100                    31835.8000
526.600                    31829.1000
527.100                    31778.3000
527.600                    31962.2000
528.100                    32013.1000
528.600                    31827.4000
529.100                    31617.3000
529.600                    31791.1000
530.100                    31970.9000
530.600                    32014.4000
531.100                    31941.5000
531.600                    32081.8000
532.100                    32034.4000
532.600                    32023.9000
533.100                    32317.8000
533.600                    32323.8000
534.100                    32097.5000
534.600                    32629.3000
535.100                    32194.1000
535.600                    32054.7000
536.100                    32153.4000
536.600                    32140.3000
537.100                    32015.2000
537.600                    31924.8000
538.100                    31552.5000
538.600                    31495.5000
539.100                    31316.3000
539.600                    31311.8000
540.100                    31260.2000
540.600                    31080.8000
541.100                    31090.3000
541.600                    31158.7000
542.100                    31121.2000
542.600                    31064.9000
543.100                    30959.2000
543.600                    31024.4000
544.100                    30939.0000
544.600                    30971.5000
545.100                    30985.0000
545.600                    30885.0000
546.100                    30796.0000
546.600                    30780.3000
547.100                    30458.2000
547.600                    30775.5000
548.100                    30766.3000
548.600                    30522.7000
549.100                    30426.8000
549.600                    30236.9000
550.100                    30408.4000
550.600                    30481.8000
551.100                    30260.2000
551.600                    30327.9000
552.100                    30337.3000
552.600                    30437.0000
553.100                    30359.8000
553.600                    30420.3000
554.100                    30469.4000
554.600                    30269.7000
555.100                    30416.5000
555.600                    30274.2000
556.100                    30822.2000
556.600                    30577.6000
557.100                    30457.7000
557.600                    30124.5000
558.100                    30303.7000
558.600                    30316.6000
559.100                    30473.5000
559.600                    30599.2000
560.100                    30495.6000
560.600                    30688.7000
561.100                    30420.0000
561.600                    30694.9000
562.100                    30362.9000
562.600                    30375.2000
563.100                    30463.5000
563.600                    30224.7000
564.100                    30374.0000
564.600                    30511.4000
565.100                    30310.8000
565.600                    30341.4000
566.100                    30469.4000
566.600                    30324.7000
567.100                    30111.9000
567.600                    30339.3000
568.100                    30267.1000
568.600                    30281.3000
569.100                    30216.6000
569.600                    30023.0000
570.100                    30105.0000
570.600                    30092.6000
571.100                    29898.2000
571.600                    30027.4000
572.100                    30299.0000
572.600                    30285.9000
573.100                    30201.3000
573.600                    30071.1000
574.100                    30332.5000
574.600                    30052.7000
575.100                    29904.3000
575.600                    29936.8000
576.100                    29879.6000
576.600                    29894.2000
577.100                    30111.8000
577.600                    30064.3000
578.100                    29766.4000
578.600                    30072.6000
579.100                    30029.9000
579.600                    29973.5000
580.100                    30078.0000
580.600                    29963.7000
581.100                    30091.5000
581.600                    29781.1000
582.100                    29986.7000
582.600                    29772.5000
583.100                    30076.0000
583.600                    30118.5000
584.100                    30043.6000
584.600                    30045.1000
585.100                    30046.1000
585.600                    30025.1000
586.100                    29907.4000
586.600                    29909.2000
587.100                    30197.9000
587.600                    29925.3000
588.100                    29846.5000
588.600                    29996.4000
589.100                    30072.8000
589.600                    30069.3000
590.100                    29866.0000
590.600                    29838.4000
591.100                    29940.1000
591.600                    30166.9000
592.100                    30237.4000
592.600                    29922.6000
593.100                    29948.5000
593.600                    30233.3000
594.100                    29875.7000
594.600                    30361.4000
595.100                    30099.8000
595.600                    30067.9000
596.100                    30194.1000
596.600                    29871.0000
597.100                    30074.8000
597.600                    30336.8000
598.100                    30094.8000
598.600                    30042.8000
599.100                    30171.7000
599.600                    30280.0000
600.100                    30111.3000
600.600                    30187.6000
601.100                    30241.3000
601.600                    30078.0000
602.100                    30221.0000
602.600                    30175.7000
603.100                    30341.8000
603.600                    30223.7000
604.100                    30304.5000
604.600                    30078.9000
605.100                    30183.7000
605.600                    30225.7000
606.100                    30202.6000
606.600                    30007.6000
607.100                    30257.4000
607.600                    30180.7000
608.100                    30368.9000
608.600                    30398.3000
609.100                    30145.7000
609.600                    30206.5000
610.100                    30665.4000
610.600                    30413.5000
611.100                    30493.7000
611.600                    29972.1000
612.100                    30419.0000
612.600                    30338.0000
613.100                    30356.7000
613.600                    30406.3000
614.100                    30354.2000
614.600                    30505.0000
615.100                    30491.0000
615.600                    30372.2000
616.100                    30386.5000
616.600                    30473.3000
617.100                    30381.9000
617.600                    30676.2000
618.100                    30407.8000
618.600                    30487.5000
619.100                    30453.1000
619.600                    30486.7000
620.100                    30753.4000
620.600                    30630.3000
621.100                    30695.7000
621.600                    31084.8000
622.100                    30684.1000
622.600                    30729.3000
623.100                    30740.0000
623.600                    30904.4000
624.100                    30877.6000
624.600                    30858.3000
625.100                    30937.0000
625.600                    30834.6000
626.100                    30893.0000
626.600                    30848.9000
627.100                    31035.0000
627.600                    31052.7000
628.100                    31143.8000
628.600                    30942.8000
629.100                    30998.9000
629.600                    30791.9000
630.100                    30724.1000
630.600                    31242.3000
631.100                    30681.9000
631.600                    30876.6000
632.100                    30990.0000
632.600                    31006.3000
633.100                    31178.1000
633.600                    31034.0000
634.100                    30886.9000
634.600                    30707.9000
635.100                    30657.5000
635.600                    30844.1000
636.100                    30931.5000
636.600                    30723.4000
637.100                    30454.8000
637.600                    30655.7000
638.100                    30322.2000
638.600                    30280.5000
639.100                    30220.6000
639.600                    30218.3000
640.100                    30258.9000
640.600                    30255.5000
641.100                    30248.6000
641.600                    30098.1000
642.100                    30132.2000
642.600                    30217.9000
643.100                    30284.5000
643.600                    30226.7000
644.100                    30095.9000
644.600                    30470.0000
645.100                    30938.3000
645.600                    30936.5000
646.100                    31273.7000
646.600                    31753.3000
647.100                    32422.8000
647.600                    33521.9000
648.100                    34914.8000
648.600                    36046.5000
649.100                    36841.0000
649.600                    36986.4000
650.100                    36643.4000
650.600                    35499.1000
651.100                    34197.1000
651.600                    33135.7000
652.100                    31984.7000
652.600                    30987.2000
653.100                    30774.8000
653.600                    30621.3000
654.100                    30200.7000
654.600                    30376.5000
655.100                    30059.5000
655.600                    30313.6000
656.100                    30131.0000
656.600                    30404.9000
657.100                    30181.9000
657.600                    30003.6000
658.100                    30326.3000
658.600                    30200.4000
659.100                    30115.8000
659.600                    30093.7000
660.100                    29959.2000
660.600                    29740.2000
661.100                    29682.1000
661.600                    29547.3000
662.100                    29381.1000
662.600                    29111.2000
663.100                    29304.8000
663.600                    29280.5000
664.100                    29238.8000
664.600                    29052.1000
665.100                    28826.6000
665.600                    28738.0000
666.100                    28804.0000
666.600                    28745.2000
667.100                    28457.0000
667.600                    28368.2000
668.100                    28104.5000
668.600                    28044.0000
669.100                    27889.2000
669.600                    27640.3000
670.100                    27499.9000
670.600                    27438.0000
671.100                    27398.7000
671.600                    27095.8000
672.100                    27224.4000
672.600                    27138.5000
673.100                    27160.4000
673.600                    27193.4000
674.100                    27202.8000
674.600                    27554.4000
675.100                    27715.5000
675.600                    28124.8000
676.100                    28573.6000
676.600                    29200.2000
677.100                    29772.6000
677.600                    30657.2000
678.100                    32097.8000
678.600                    34116.8000
679.100                    36560.4000
679.600                    38855.1000
680.100                    40170.1000
680.600                    40301.3000
681.100                    38882.7000
681.600                    36475.9000
682.100                    33456.4000
682.600                    31134.5000
683.100                    29205.7000
683.600                    28093.2000
684.100                    27092.2000
684.600                    26445.3000
685.100                    25979.8000
685.600                    25648.3000
686.100                    25671.1000
686.600                    25331.4000
687.100                    25216.0000
687.600                    25126.7000
688.100                    25365.9000
688.600                    25515.1000
689.100                    25537.6000
689.600                    25556.9000
690.100                    25164.3000
690.600                    25116.3000
691.100                    24777.7000
691.600                    24631.3000
692.100                    24427.9000
692.600                    24199.6000
693.100                    23707.1000
693.600                    23763.3000
694.100                    23768.2000
694.600                    23672.2000
695.100                    23329.9000
695.600                    23554.4000
696.100                    23455.7000
696.600                    23255.3000
697.100                    23244.6000
697.600                    23267.9000
698.100                    23314.1000
698.600                    23131.1000
699.100                    23446.7000
699.600                    23268.5000
700.100                    23218.7000
700.600                    23252.7000
701.100                    23275.9000
701.600                    23298.2000
702.100                    23048.9000
702.600                    23153.0000
703.100                    22980.3000
703.600                    23007.0000
704.100                    23098.8000
704.600                    23163.6000
705.100                    23031.0000
705.600                    22899.2000
706.100                    22898.6000
706.600                    22704.8000
707.100                    23011.4000
707.600                    22631.9000
708.100                    22482.7000
708.600                    22565.9000
709.100                    22448.9000
709.600                    22564.6000
710.100                    22629.9000
710.600                    22433.0000
711.100                    22359.3000
711.600                    22326.0000
712.100                    22461.6000
712.600                    22045.7000
713.100                    22038.1000
713.600                    21987.7000
714.100                    21742.0000
714.600                    21575.5000
715.100                    21341.5000
715.600                    21245.7000
716.100                    21127.0000
716.600                    21322.4000
717.100                    21313.3000
717.600                    21417.5000
718.100                    21160.8000
718.600                    21276.1000
719.100                    21388.3000
719.600                    21504.1000
720.100                    21957.0000
720.600                    22791.9000
721.100                    23559.4000
721.600                    24913.8000
722.100                    25415.1000
722.600                    25169.2000
723.100                    23782.5000
723.600                    22902.1000
724.100                    21752.3000
724.600                    21392.0000
725.100                    20793.8000
725.600                    20694.5000
726.100                    20742.8000
726.600                    20842.0000
727.100                    20621.0000
727.600                    20613.5000
728.100                    20618.0000
728.600                    20601.5000
729.100                    20722.6000
729.600                    20848.2000
730.100                    20598.4000
730.600                    20833.1000
731.100                    20684.7000
731.600                    20867.3000
732.100                    20803.5000
732.600                    20592.2000
733.100                    20578.7000
733.600                    20345.7000
734.100                    20311.1000
734.600                    20312.7000
735.100                    20318.9000
735.600                    20442.3000
736.100                    20175.0000
736.600                    20221.4000
737.100                    20182.6000
737.600                    20231.8000
738.100                    20447.1000
738.600                    20409.8000
739.100                    20449.8000
739.600                    20356.4000
740.100                    20426.1000
740.600                    20353.2000
741.100                    20332.3000
741.600                    20063.2000
742.100                    20085.7000
742.600                    20318.0000
743.100                    20289.8000
743.600                    20230.0000
744.100                    20411.1000
744.600                    20398.2000
745.100                    20133.2000
745.600                    20112.7000
746.100                    20418.5000
746.600                    20479.0000
747.100                    20289.9000
747.600                    20156.3000
748.100                    20037.2000
748.600                    20136.1000
749.100                    20088.7000
749.600                    20223.8000
750.100                    20214.7000
750.600                    20196.1000
751.100                    20315.0000
751.600                    20449.7000
752.100                    20096.9000
752.600                    20176.0000
753.100                    20297.5000
753.600                    20423.1000
754.100                    20136.1000
754.600                    20172.1000
755.100                    20123.2000
755.600                    20275.4000
756.100                    20351.8000
756.600                    20110.4000
757.100                    20198.8000
757.600                    20171.2000
758.100                    20159.3000
758.600                    20024.0000
759.100                    20109.8000
759.600                    20172.8000
760.100                    20379.4000
760.600                    20268.8000
761.100                    20218.1000
761.600                    20316.1000
762.100                    20451.0000
762.600                    20223.9000
763.100                    20283.7000
763.600                    20504.3000
764.100                    20394.3000
764.600                    20170.5000
765.100                    20260.2000
765.600                    20427.6000
766.100                    20257.9000
766.600                    20339.6000
767.100                    20488.0000
767.600                    20313.3000
768.100                    20406.9000
768.600                    20618.7000
769.100                    20605.3000
769.600                    20348.9000
770.100                    20501.9000
770.600                    20407.9000
771.100                    20280.6000
771.600                    20385.8000
772.100                    20572.6000
772.600                    20144.3000
773.100                    20190.2000
773.600                    20443.1000
774.100                    20378.6000
774.600                    20337.6000
775.100                    20514.4000
775.600                    20293.8000
776.100                    20374.8000
776.600                    20461.1000
777.100                    20569.0000
777.600                    20377.1000
778.100                    20528.6000
778.600                    20268.3000
779.100                    20447.8000
779.600                    20370.5000
780.100                    20375.8000
780.600                    20408.7000
781.100                    20444.3000
781.600                    20530.3000
782.100                    20309.1000
782.600                    20396.4000
783.100                    20051.1000
783.600                    20317.7000
784.100                    20273.8000
784.600                    20422.9000
785.100                    20233.4000
785.600                    20660.9000
786.100                    20609.5000
786.600                    20375.4000
787.100                    20459.9000
787.600                    20545.5000
788.100                    20578.6000
788.600                    20605.2000
789.100                    20448.4000
789.600                    20428.9000
790.100                    20503.7000
790.600                    20449.0000
791.100                    20391.8000
791.600                    20340.1000
792.100                    20621.3000
792.600                    20858.0000
793.100                    20653.8000
793.600                    20607.7000
794.100                    20521.1000
794.600                    20294.8000
795.100                    20487.8000
795.600                    20592.3000
796.100                    20522.0000
796.600                    20632.0000
797.100                    20462.4000
797.600                    20591.0000
798.100                    20704.3000
798.600                    20449.4000
799.100                    20696.2000
799.600                    20601.5000
800.100                    20572.5000
800.600                    20612.4000
801.100                    20795.7000
801.600                    20810.1000
802.100                    20588.7000
802.600                    20406.9000
803.100                    20604.9000
803.600                    20566.7000
804.100                    20789.9000
804.600                    20645.5000
805.100                    20651.2000
805.600                    20454.5000
806.100                    20759.3000
806.600                    20629.8000
807.100                    20784.0000
807.600                    20698.4000
808.100                    20775.2000
808.600                    20669.0000
809.100                    20615.8000
809.600                    20816.1000
810.100                    20650.8000
810.600                    20770.8000
811.100                    21040.3000
811.600                    20941.0000
812.100                    20887.8000
812.600                    20841.6000
813.100                    20687.8000
813.600                    20923.4000
814.100                    20732.4000
814.600                    21091.8000
815.100                    20934.1000
815.600                    20710.2000
816.100                    20516.3000
816.600                    20704.9000
817.100                    20704.0000
817.600                    20701.0000
818.100                    20775.7000
818.600                    20749.4000
819.100                    20754.2000
819.600                    20882.6000
820.100                    20941.0000
820.600                    20759.9000
821.100                    20848.4000
821.600                    21016.0000
822.100                    20791.7000
822.600                    20741.9000
823.100                    20849.8000
823.600                    21055.8000
824.100                    20883.0000
824.600                    21090.2000
825.100                    20975.0000
825.600                    20725.9000
826.100                    20789.7000
826.600                    20951.3000
827.100                    20947.1000
827.600                    20943.7000
828.100                    20813.6000
828.600                    20911.8000
829.100                    20994.1000
829.600                    21096.2000
830.100                    20933.4000
830.600                    21185.6000
831.100                    21104.3000
831.600                    20997.7000
832.100                    21044.1000
832.600                    21004.5000
833.100                    20919.9000
833.600                    21006.2000
834.100                    21208.0000
834.600                    21167.1000
835.100                    21042.5000
835.600                    20937.8000
836.100                    21048.1000
836.600                    20989.0000
837.100                    20988.1000
837.600                    21238.0000
838.100                    21367.9000
838.600                    21371.1000
839.100                    21389.5000
839.600                    21313.8000
840.100                    21380.3000
840.600                    21319.2000
841.100                    21240.5000
841.600                    21329.2000
842.100                    21153.6000
842.600                    21325.3000
843.100                    21516.2000
843.600                    21543.3000
844.100                    21427.3000
844.600                    21439.1000
845.100                    21573.3000
845.600                    21604.8000
846.100                    21376.0000
846.600                    21578.9000
847.100                    21476.5000
847.600                    21483.8000
848.100                    21585.8000
848.600                    21601.9000
849.100                    21669.1000
849.600                    21698.8000
850.100                    21928.6000
850.600                    21992.5000
851.100                    21790.8000
851.600                    21797.2000
852.100                    21770.3000
852.600                    22022.9000
853.100                    22143.9000
853.600                    22361.8000
854.100                    22724.0000
854.600                    22984.3000
855.100                    22988.3000
855.600                    22850.8000
856.100                    22606.6000
856.600                    22687.9000
857.100                    22539.1000
857.600                    22490.8000
858.100                    22780.2000
858.600                    22855.0000
859.100                    22941.5000
859.600                    23138.6000
860.100                    23113.9000
860.600                    23370.3000
861.100                    22926.7000
861.600                    23157.0000
862.100                    23181.9000
862.600                    23037.8000
863.100                    23107.7000
863.600                    23060.3000
864.100                    22803.6000
864.600                    22679.5000
865.100                    22607.2000
865.600                    22400.4000
866.100                    22202.7000
866.600                    21910.1000
867.100                    21578.7000
867.600                    21330.9000
868.100                    21106.0000
868.600                    20947.9000
869.100                    20658.9000
869.600                    20272.2000
870.100                    20157.3000
870.600                    19938.6000
871.100                    19466.7000
871.600                    19149.4000
872.100                    18924.0000
872.600                    18501.4000
873.100                    18105.4000
873.600                    17827.4000
874.100                    17585.6000
874.600                    17543.5000
875.100                    17510.8000
875.600                    17580.2000
876.100                    17689.5000
876.600                    18315.6000
877.100                    19356.1000
877.600                    22895.5000
878.100                    30070.5000
878.600                    40225.4000
879.100                    49830.3000
879.600                    52926.6000
880.100                    45191.2000
880.600                    32454.2000
881.100                    21699.9000
881.600                    17286.2000
882.100                    16272.3000
882.600                    16112.1000
883.100                    17971.0000
883.600                    23608.2000
884.100                    34282.8000
884.600                    48982.9000
885.100                    63085.7000
885.600                    67801.8000
886.100                    56882.8000
886.600                    37677.6000
887.100                    22858.4000
887.600                    16401.5000
888.100                    14208.0000
888.600                    12937.7000
889.100                    12231.9000
889.600                    11724.8000
890.100                    11133.1000
890.600                    10302.0000
891.100                     9502.3000
891.600                     8951.3000
892.100                     8884.5000
892.600                     9483.7000
893.100                    10422.3000
893.600                    11644.5000
894.100                    12374.4000
894.600                    12303.8000
895.100                    11606.0000
895.600                    11196.9000
896.100                    10346.0000
896.600                     9487.2000
897.100                     8276.8000
897.600                     7438.8000
898.100                     7047.9000
898.600                     6842.3000
899.100                     6732.3000
899.600                     6691.3000
900.100                     6748.4000
900.600                     6677.5000
901.100                     6748.9000
901.600                     6643.6000
902.100                     6658.6000
902.600                     6753.7000
903.100                     6692.6000
903.600                     6558.3000
904.100                     6612.1000
904.600                     6488.0000
905.100                     6516.5000
905.600                     6555.4000
906.100                     6708.9000
906.600                     6665.9000
907.100                     6538.6000
907.600                     6463.6000
908.100                     6408.4000
908.600                     6289.5000
909.100                     6209.9000
909.600                     6296.6000
910.100                     6255.2000
910.600                     6279.3000
911.100                     6249.5000
911.600                     6198.1000
912.100                     6255.5000
912.600                     6296.3000
913.100                     6237.9000
913.600                     6389.3000
914.100                     6152.5000
914.600                     6269.6000
915.100                     6259.2000
915.600                     6208.8000
916.100                     6038.0000
916.600                     6222.5000
917.100                     6127.5000
917.600                     6008.3000
918.100                     6111.1000
918.600                     6119.3000
919.100                     6073.7000
919.600                     6122.0000
920.100                     6012.9000
920.600                     6167.5000
921.100                     6233.2000
921.600                     6010.9000
922.100                     6160.2000
922.600                     6277.1000
923.100                     6165.7000
923.600                     6197.2000
924.100                     6113.3000
924.600                     6174.1000
925.100                     6177.6000
925.600                     6208.5000
926.100                     6213.1000
926.600                     6218.0000
927.100                     6244.0000
927.600                     6321.0000
928.100                     6325.6000
928.600                     6328.7000
929.100                     6298.6000
929.600                     6376.8000
930.100                     6286.5000
930.600                     6201.4000
931.100                     6081.1000
931.600                     6108.6000
932.100                     6095.8000
932.600                     6073.2000
933.100                     6185.5000
933.600                     6087.3000
934.100                     6085.5000
934.600                     6221.5000
935.100                     6016.9000
935.600                     5994.1000
936.100                     6017.4000
936.600                     5912.0000
937.100                     6018.0000
937.600                     5988.0000
938.100                     5868.6000
938.600                     5843.7000
939.100                     5890.4000
939.600                     5916.9000
940.100                     5868.5000
940.600                     5963.8000
941.100                     5981.8000
941.600                     5884.0000
942.100                     6013.6000
942.600                     5930.1000
943.100                     5846.8000
943.600                     5903.3000
944.100                     5937.7000
944.600                     5924.0000
945.100                     5820.2000
945.600                     5847.0000
946.100                     5818.0000
946.600                     5826.1000
947.100                     5979.5000
947.600                     5841.9000
948.100                     5912.5000
948.600                     5845.7000
949.100                     5918.6000
949.600                     5961.8000
950.100                     5885.6000
950.600                     6015.1000
951.100                     6091.8000
951.600                     6106.0000
952.100                     6034.1000
952.600                     5940.8000
953.100                     5832.9000
953.600                     5830.7000
954.100                     5915.7000
954.600                     5898.6000
955.100                     5980.9000
955.600                     5896.6000
956.100                     5770.6000
956.600                     5819.3000
957.100                     5866.3000
957.600                     5740.9000
958.100                     5621.2000
958.600                     5737.7000
959.100                     5591.8000
959.600                     5735.3000
960.100                     5755.9000
960.600                     5759.6000
961.100                     5618.1000
961.600                     5661.7000
962.100                     5544.1000
962.600                     5617.3000
963.100                     5678.7000
963.600                     5706.0000
964.100                     5847.1000
964.600                     5854.9000
965.100                     5936.5000
965.600                     6070.4000
966.100                     6214.3000
966.600                     6409.1000
967.100                     6618.7000
967.600                     7011.6000
968.100                     7846.1000
968.600                     8698.8000
969.100                     9148.9000
969.600                     8650.1000
970.100                     7711.8000
970.600                     6683.2000
971.100                     6071.0000
971.600                     5718.3000
972.100                     5488.9000
972.600                     5517.0000
973.100                     5700.0000
973.600                     5610.4000
974.100                     5520.5000
974.600                     5583.1000
975.100                     5587.9000
975.600                     5514.9000
976.100                     5541.0000
976.600                     5710.5000
977.100                     5725.6000
977.600                     5833.9000
978.100                     5772.4000
978.600                     5743.4000
979.100                     5717.6000
979.600                     5599.8000
980.100                     5591.3000
980.600                     5492.0000
981.100                     5530.5000
981.600                     5482.8000
982.100                     5540.1000
982.600                     5484.6000
983.100                     5551.4000
983.600                     5633.3000
984.100                     5667.2000
984.600                     5698.1000
985.100                     5650.5000
985.600                     5582.7000
986.100                     5625.4000
986.600                     5338.2000
987.100                     5438.4000
987.600                     5520.5000
988.100                     5430.2000
988.600                     5393.9000
989.100                     5352.2000
989.600                     5488.4000
990.100                     5413.8000
990.600                     5424.2000
991.100                     5486.9000
991.600                     5387.4000
992.100                     5464.3000
992.600                     5352.8000
993.100                     5464.8000
993.600                     5420.1000
994.100                     5376.9000
994.600                     5344.7000
995.100                     5473.0000
995.600                     5424.8000
996.100                     5411.3000
996.600                     5288.3000
997.100                     5479.2000
997.600                     5458.1000
998.100                     5392.9000
998.600                     5292.2000
999.100                     5450.1000
999.600                     5437.7000
1000.100                    5523.2000
1000.600                    5528.6000
1001.100                    5401.3000
1001.600                    5428.4000
1002.100                    5516.5000
1002.600                    5344.0000
1003.100                    5297.6000
1003.600                    5409.8000
1004.100                    5449.5000
1004.600                    5442.5000
1005.100                    5442.5000
1005.600                    5347.8000
1006.100                    5398.5000
1006.600                    5402.1000
1007.100                    5383.6000
1007.600                    5384.7000
1008.100                    5428.9000
1008.600                    5370.9000
1009.100                    5421.2000
1009.600                    5393.4000
1010.100                    5412.2000
1010.600                    5386.7000
1011.100                    5349.7000
1011.600                    5485.1000
1012.100                    5480.1000
1012.600                    5384.5000
1013.100                    5428.7000
1013.600                    5431.9000
1014.100                    5386.5000
1014.600                    5460.3000
1015.100                    5319.2000
1015.600                    5405.3000
1016.100                    5470.2000
1016.600                    5449.0000
1017.100                    5445.9000
1017.600                    5403.3000
1018.100                    5358.6000
1018.600                    5421.8000
1019.100                    5353.8000
1019.600                    5384.6000
1020.100                    5361.1000
1020.600                    5492.9000
1021.100                    5406.9000
1021.600                    5408.4000
1022.100                    5386.9000
1022.600                    5473.3000
1023.100                    5452.2000
1023.600                    5506.0000
1024.100                    5452.3000
1024.600                    5375.7000
1025.100                    5370.6000
1025.600                    5508.2000
1026.100                    5492.3000
1026.600                    5580.6000
1027.100                    5633.7000
1027.600                    5689.9000
1028.100                    5770.8000
1028.600                    5763.2000
1029.100                    5687.5000
1029.600                    5502.4000
1030.100                    5475.3000
1030.600                    5544.2000
1031.100                    5490.7000
1031.600                    5382.9000
1032.100                    5412.6000
1032.600                    5461.0000
1033.100                    5381.3000
1033.600                    5529.7000
1034.100                    5557.6000
1034.600                    5424.2000
1035.100                    5413.2000
1035.600                    5350.1000
1036.100                    5384.8000
1036.600                    5473.2000
1037.100                    5452.6000
1037.600                    5388.4000
1038.100                    5366.3000
1038.600                    5413.7000
1039.100                    5414.5000
1039.600                    5496.6000
1040.100                    5409.5000
1040.600                    5349.5000
1041.100                    5407.3000
1041.600                    5336.1000
1042.100                    5319.8000
1042.600                    5462.8000
1043.100                    5383.7000
1043.600                    5369.2000
1044.100                    5405.3000
1044.600                    5307.0000
1045.100                    5312.7000
1045.600                    5360.8000
1046.100                    5325.3000
1046.600                    5289.2000
1047.100                    5380.1000
1047.600                    5379.6000
1048.100                    5288.8000
1048.600                    5285.9000
1049.100                    5320.4000
1049.600                    5408.1000
1050.100                    5356.1000
1050.600                    5435.5000
1051.100                    5441.7000
1051.600                    5385.4000
1052.100                    5329.6000
1052.600                    5359.2000
1053.100                    5469.1000
1053.600                    5618.4000
1054.100                    5791.2000
1054.600                    5810.5000
1055.100                    5904.6000
1055.600                    5859.7000
1056.100                    5749.8000
1056.600                    5713.1000
1057.100                    5575.3000
1057.600                    5353.2000
1058.100                    5458.2000
1058.600                    5336.0000
1059.100                    5282.0000
1059.600                    5473.3000
1060.100                    5429.7000
1060.600                    5330.8000
1061.100                    5361.1000
1061.600                    5421.9000
1062.100                    5368.1000
1062.600                    5401.7000
1063.100                    5435.6000
1063.600                    5410.1000
1064.100                    5428.3000
1064.600                    5500.0000
1065.100                    5454.5000
1065.600                    5557.2000
1066.100                    5500.1000
1066.600                    5475.4000
1067.100                    5409.6000
1067.600                    5433.4000
1068.100                    5475.4000
1068.600                    5415.7000
1069.100                    5348.2000
1069.600                    5332.7000
1070.100                    5332.2000
1070.600                    5445.5000
1071.100                    5302.2000
1071.600                    5336.2000
1072.100                    5394.0000
1072.600                    5386.5000
1073.100                    5428.2000
1073.600                    5425.5000
1074.100                    5371.1000
1074.600                    5327.4000
1075.100                    5384.6000
1075.600                    5476.2000
1076.100                    5357.1000
1076.600                    5426.6000
1077.100                    5434.7000
1077.600                    5438.2000
1078.100                    5330.7000
1078.600                    5485.6000
1079.100                    5345.4000
1079.600                    5472.3000
1080.100                    5335.2000
1080.600                    5397.8000
1081.100                    5445.2000
1081.600                    5403.1000
1082.100                    5272.1000
1082.600                    5370.7000
1083.100                    5405.2000
1083.600                    5437.0000
1084.100                    5399.0000
1084.600                    5383.2000
1085.100                    5343.8000
1085.600                    5414.5000
1086.100                    5408.2000
1086.600                    5404.2000
1087.100                    5399.0000
1087.600                    5305.2000
1088.100                    5378.3000
1088.600                    5492.8000
1089.100                    5500.1000
1089.600                    5500.7000
1090.100                    5544.3000
1090.600                    5696.1000
1091.100                    5839.2000
1091.600                    5938.0000
1092.100                    5948.0000
1092.600                    5832.3000
1093.100                    5663.9000
1093.600                    5465.0000
1094.100                    5258.2000
1094.600                    5292.8000
1095.100                    5186.2000
1095.600                    5218.7000
1096.100                    5365.2000
1096.600                    5321.7000
1097.100                    5211.0000
1097.600                    5296.7000
1098.100                    5304.9000
1098.600                    5298.6000
1099.100                    5467.2000
1099.600                    5590.1000
1100.100                    5724.7000
1100.600                    5805.6000
1101.100                    5819.6000
1101.600                    5642.1000
1102.100                    5557.8000
1102.600                    5391.8000
1103.100                    5417.9000
1103.600                    5309.1000
1104.100                    5367.1000
1104.600                    5236.7000
1105.100                    5286.2000
1105.600                    5257.1000
1106.100                    5248.2000
1106.600                    5237.2000
1107.100                    5216.0000
1107.600                    5282.2000
1108.100                    5261.0000
1108.600                    5238.0000
1109.100                    5411.4000
1109.600                    5343.8000
1110.100                    5398.9000
1110.600                    5380.1000
1111.100                    5336.3000
1111.600                    5470.8000
1112.100                    5572.5000
1112.600                    5620.8000
1113.100                    5612.4000
1113.600                    5527.1000
1114.100                    5427.3000
1114.600                    5199.8000
1115.100                    5242.4000
1115.600                    5221.6000
1116.100                    5324.6000
1116.600                    5418.1000
1117.100                    5440.1000
1117.600                    5436.6000
1118.100                    5682.2000
1118.600                    5748.5000
1119.100                    5601.9000
1119.600                    5394.7000
1120.100                    5331.4000
1120.600                    5178.2000
1121.100                    5209.5000
1121.600                    5064.2000
1122.100                    5190.4000
1122.600                    5247.4000
1123.100                    5275.5000
1123.600                    5175.9000
1124.100                    5257.0000
1124.600                    5287.9000
1125.100                    5355.4000
1125.600                    5270.2000
1126.100                    5326.4000
1126.600                    5277.4000
1127.100                    5215.6000
1127.600                    5254.5000
1128.100                    5320.3000
1128.600                    5326.4000
1129.100                    5276.0000
1129.600                    5320.8000
1130.100                    5337.6000
1130.600                    5367.6000
1131.100                    5272.4000
1131.600                    5335.4000
1132.100                    5397.8000
1132.600                    5315.7000
1133.100                    5388.9000
1133.600                    5270.1000
1134.100                    5213.2000
1134.600                    5284.3000
1135.100                    5411.2000
1135.600                    5345.6000
1136.100                    5270.7000
1136.600                    5315.0000
1137.100                    5342.3000
1137.600                    5251.5000
1138.100                    5284.1000
1138.600                    5440.2000
1139.100                    5288.6000
1139.600                    5355.6000
1140.100                    5393.4000
1140.600                    5469.9000
1141.100                    5443.4000
1141.600                    5417.5000
1142.100                    5478.5000
1142.600                    5406.6000
1143.100                    5396.5000
1143.600                    5411.2000
1144.100                    5471.1000
1144.600                    5364.9000
1145.100                    5291.3000
1145.600                    5394.9000
1146.100                    5171.7000
1146.600                    5254.5000
1147.100                    5315.0000
1147.600                    5346.8000
1148.100                    5291.8000
1148.600                    5316.8000
1149.100                    5417.7000
1149.600                    5399.1000
1150.100                    5387.7000
1150.600                    5538.5000
1151.100                    5756.5000
1151.600                    5788.3000
1152.100                    5963.1000
1152.600                    5951.9000
1153.100                    5933.5000
1153.600                    5754.6000
1154.100                    5661.6000
1154.600                    5737.2000
1155.100                    5663.9000
1155.600                    5881.3000
1156.100                    5971.1000
1156.600                    5916.4000
1157.100                    5904.3000
1157.600                    5847.1000
1158.100                    5726.1000
1158.600                    5621.0000
1159.100                    5631.1000
1159.600                    5567.7000
1160.100                    5519.1000
1160.600                    5349.1000
1161.100                    5390.0000
1161.600                    5376.8000
1162.100                    5185.7000
1162.600                    5244.8000
1163.100                    5307.4000
1163.600                    5186.2000
1164.100                    5205.7000
1164.600                    5315.5000
1165.100                    5187.6000
1165.600                    5231.9000
1166.100                    5221.6000
1166.600                    5325.3000
1167.100                    5414.2000
1167.600                    5238.1000
1168.100                    5227.8000
1168.600                    5237.4000
1169.100                    5324.9000
1169.600                    5145.9000
1170.100                    5155.4000
1170.600                    5076.2000
1171.100                    5119.0000
1171.600                    5116.6000
1172.100                    5173.3000
1172.600                    5142.0000
1173.100                    5112.3000
1173.600                    4989.1000
1174.100                    5201.7000
1174.600                    5138.6000
1175.100                    5019.4000
1175.600                    5037.2000
1176.100                    5168.3000
1176.600                    5064.0000
1177.100                    4959.8000
1177.600                    4985.9000
1178.100                    4997.6000
1178.600                    5151.9000
1179.100                    5091.2000
1179.600                    5034.5000
1180.100                    5137.5000
1180.600                    5054.9000
1181.100                    5032.7000
1181.600                    5088.6000
1182.100                    5002.3000
1182.600                    5077.0000
1183.100                    5118.3000
1183.600                    5052.9000
1184.100                    5063.4000
1184.600                    5190.6000
1185.100                    5162.2000
1185.600                    5254.6000
1186.100                    5239.3000
1186.600                    5231.7000
1187.100                    5292.5000
1187.600                    5318.7000
1188.100                    5374.4000
1188.600                    5556.2000
1189.100                    5682.2000
1189.600                    5670.4000
1190.100                    5590.4000
1190.600                    5563.5000
1191.100                    5700.7000
1191.600                    5791.5000
1192.100                    5778.6000
1192.600                    5670.1000
1193.100                    5774.7000
1193.600                    5771.4000
1194.100                    5795.8000
1194.600                    5937.1000
1195.100                    5978.4000
1195.600                    5857.2000
1196.100                    5868.4000
1196.600                    5635.3000
1197.100                    5607.4000
1197.600                    5463.1000
1198.100                    5330.0000
1198.600                    5330.7000
1199.100                    5098.8000
1199.600                    4887.0000
1200.100                    4961.5000
1200.600                    4726.4000
1201.100                    4707.1000
1201.600                    4616.2000
1202.100                    4525.3000
1202.600                    4466.0000
1203.100                    4466.8000
1203.600                    4368.6000
1204.100                    4366.2000
1204.600                    4091.8000
1205.100                    4030.4000
1205.600                    4010.5000
1206.100                    4055.8000
1206.600                    4077.6000
1207.100                    4131.8000
1207.600                    3955.6000
1208.100                    3888.9000
1208.600                    3892.0000
1209.100                    3871.6000
1209.600                    3779.7000
1210.100                    3851.7000
1210.600                    3781.2000
1211.100                    3797.2000
1211.600                    3842.0000
1212.100                    3754.7000
1212.600                    3816.0000
1213.100                    3720.5000
1213.600                    3718.4000
1214.100                    3706.3000
1214.600                    3696.3000
1215.100                    3742.4000
1215.600                    3723.6000
1216.100                    3731.2000
1216.600                    3752.1000
1217.100                    3759.6000
1217.600                    3667.8000
1218.100                    3703.4000
1218.600                    3630.5000
1219.100                    3699.3000
1219.600                    3699.6000
1220.100                    3699.7000
1220.600                    3666.9000
1221.100                    3701.8000
1221.600                    3678.6000
1222.100                    3653.9000
1222.600                    3718.0000
1223.100                    3747.6000
1223.600                    3703.8000
1224.100                    3736.8000
1224.600                    3834.8000
1225.100                    3768.0000
1225.600                    3675.1000
1226.100                    3732.2000
1226.600                    3724.1000
1227.100                    3736.0000
1227.600                    3686.6000
1228.100                    3792.6000
1228.600                    3829.6000
1229.100                    3868.3000
1229.600                    3786.9000
1230.100                    3780.9000
1230.600                    3770.9000
1231.100                    3857.4000
1231.600                    3744.2000
1232.100                    3701.9000
1232.600                    3702.3000
1233.100                    3679.2000
1233.600                    3594.2000
1234.100                    3573.0000
1234.600                    3571.3000
1235.100                    3529.7000
1235.600                    3554.8000
1236.100                    3577.1000
1236.600                    3540.8000
1237.100                    3523.2000
1237.600                    3482.9000
1238.100                    3416.1000
1238.600                    3370.3000
1239.100                    3373.8000
1239.600                    3383.8000
1240.100                    3313.2000
1240.600                    3275.1000
1241.100                    3344.8000
1241.600                    3233.0000
1242.100                    3176.1000
1242.600                    3217.4000
1243.100                    3303.2000
1243.600                    3436.8000
1244.100                    3352.3000
1244.600                    3578.0000
1245.100                    3725.7000
1245.600                    4374.4000
1246.100                    5372.3000
1246.600                    6509.8000
1247.100                    7579.7000
1247.600                    8471.8000
1248.100                    8852.1000
1248.600                    8674.8000
1249.100                    8042.1000
1249.600                    6902.8000
1250.100                    5435.7000
1250.600                    4197.3000
1251.100                    3393.8000
1251.600                    3133.8000
1252.100                    2939.5000
1252.600                    2816.6000
1253.100                    2707.9000
1253.600                    2646.6000
1254.100                    2655.3000
1254.600                    2668.6000
1255.100                    2616.2000
1255.600                    2690.7000
1256.100                    2864.3000
1256.600                    2922.7000
1257.100                    2961.3000
1257.600                    2901.1000
1258.100                    2867.0000
1258.600                    2829.2000
1259.100                    2668.6000
1259.600                    2536.1000
