# Transition                      O 1s
# Notes                           
# Creation Comment                
# Energy Mode                     KE
# Start Energy in eV              715.6
# End Energy in eV                738.6
# Energy Step in eV               0.1
# Number Of Sweeps                5
# Dwell Time per Sweep in s       0.3
# Analyser Mode                   CAE
# Pass Energy in eV/Retard Ratio  25
# Magnification                   high
# Divide Voltages By 10           off
# Excitation Source               Mg Ka 1253.6 eV normal
# Excitation Energy in eV         1253.6
# Analyser Workfunction in eV     4.5
# Entrance Slit                   6 x 12 mm
# Exit Slit                       5 x 11 mm
# 
# 
# Kinetic Energy in eV         Counts
# --------------------         ------
715.600                    31118.7500
715.700                    31135.2500
715.800                    31234.7500
715.900                    31202.7500
716.000                    31272.7500
716.100                    31571.5000
716.200                    31335.0000
716.300                    31136.7500
716.400                    30999.0000
716.500                    30997.0000
716.600                    30923.0000
716.700                    30916.0000
716.800                    31003.2500
716.900                    31044.2500
717.000                    31133.7500
717.100                    31128.5000
717.200                    30784.0000
717.300                    30908.5000
717.400                    30859.7500
717.500                    30897.7500
717.600                    31053.0000
717.700                    31048.7500
717.800                    30924.5000
717.900                    31006.0000
718.000                    30750.0000
718.100                    30882.7500
718.200                    30959.7500
718.300                    30872.0000
718.400                    30503.2500
718.500                    30732.5000
718.600                    30854.5000
718.700                    30885.2500
718.800                    30977.5000
718.900                    30701.7500
719.000                    30720.0000
719.100                    30973.2500
719.200                    31070.7500
719.300                    31316.5000
719.400                    31239.5000
719.500                    31561.0000
719.600                    31382.7500
719.700                    31568.7500
719.800                    31643.7500
719.900                    32142.2500
720.000                    32062.7500
720.100                    32476.5000
720.200                    32785.5000
720.300                    33054.0000
720.400                    33451.0000
720.500                    33954.2500
720.600                    34317.7500
720.700                    34767.7500
720.800                    35230.7500
720.900                    35956.2500
721.000                    36573.7500
721.100                    37200.7500
721.200                    38018.7500
721.300                    39067.2500
721.400                    39707.0000
721.500                    40702.2500
721.600                    41786.0000
721.700                    42902.0000
721.800                    43793.5000
721.900                    45497.2500
722.000                    46557.2500
722.100                    48190.7500
722.200                    49407.7500
722.300                    51395.7500
722.400                    53198.5000
722.500                    54928.0000
722.600                    56828.2500
722.700                    59009.5000
722.800                    60368.7500
722.900                    61704.7500
723.000                    62408.2500
723.100                    63217.5000
723.200                    63147.5000
723.300                    62856.5000
723.400                    61873.0000
723.500                    60407.5000
723.600                    58469.7500
723.700                    56299.2500
723.800                    53686.7500
723.900                    51128.5000
724.000                    48401.7500
724.100                    45621.0000
724.200                    43039.5000
724.300                    40567.2500
724.400                    38714.5000
724.500                    37059.2500
724.600                    35687.7500
724.700                    34572.7500
724.800                    33676.5000
724.900                    32851.5000
725.000                    32467.5000
725.100                    31958.5000
725.200                    31664.5000
725.300                    31236.5000
725.400                    30907.2500
725.500                    30253.5000
725.600                    30386.2500
725.700                    30445.0000
725.800                    30286.2500
725.900                    30124.0000
726.000                    30025.5000
726.100                    29810.0000
726.200                    29822.0000
726.300                    29912.7500
726.400                    30048.5000
726.500                    29877.0000
726.600                    30033.2500
726.700                    29729.2500
726.800                    29710.5000
726.900                    29716.2500
727.000                    29671.7500
727.100                    29822.0000
727.200                    29746.0000
727.300                    30015.2500
727.400                    29930.5000
727.500                    30088.2500
727.600                    29744.2500
727.700                    29720.7500
727.800                    29952.0000
727.900                    30030.5000
728.000                    29819.0000
728.100                    29812.0000
728.200                    30166.7500
728.300                    29623.2500
728.400                    29847.7500
728.500                    29947.2500
728.600                    30083.7500
728.700                    29677.5000
728.800                    29893.2500
728.900                    29927.7500
729.000                    29755.2500
729.100                    29771.0000
729.200                    29767.5000
729.300                    29678.5000
729.400                    29629.0000
729.500                    30053.7500
729.600                    29965.7500
729.700                    30036.5000
729.800                    29951.0000
729.900                    30160.2500
730.000                    30030.2500
730.100                    29808.2500
730.200                    30526.0000
730.300                    30641.2500
730.400                    30228.2500
730.500                    30842.7500
730.600                    30963.5000
730.700                    31013.7500
730.800                    30628.7500
730.900                    30811.2500
731.000                    30897.0000
731.100                    31347.0000
731.200                    31558.7500
731.300                    31643.7500
731.400                    31646.0000
731.500                    32150.7500
731.600                    32192.5000
731.700                    31953.7500
731.800                    31672.7500
731.900                    31956.5000
732.000                    32070.2500
732.100                    31914.0000
732.200                    31784.2500
732.300                    31690.2500
732.400                    31664.0000
732.500                    31451.0000
732.600                    31400.7500
732.700                    31251.0000
732.800                    31305.7500
732.900                    31191.7500
733.000                    31024.2500
733.100                    30928.2500
733.200                    30814.5000
733.300                    31019.5000
733.400                    30633.7500
733.500                    30617.2500
733.600                    30695.7500
733.700                    30908.0000
733.800                    30821.0000
733.900                    30465.0000
734.000                    30610.7500
734.100                    30264.7500
734.200                    30105.0000
734.300                    29916.0000
734.400                    29878.2500
734.500                    29725.0000
734.600                    29331.7500
734.700                    29094.0000
734.800                    29147.5000
734.900                    29309.5000
735.000                    29269.7500
735.100                    29180.7500
735.200                    28881.0000
735.300                    29142.7500
735.400                    29103.2500
735.500                    28722.5000
735.600                    29027.2500
735.700                    28966.5000
735.800                    28827.5000
735.900                    28747.7500
736.000                    29069.2500
736.100                    28899.2500
736.200                    29020.7500
736.300                    28692.7500
736.400                    28542.5000
736.500                    28760.5000
736.600                    28964.0000
736.700                    28799.0000
736.800                    28816.2500
736.900                    28760.0000
737.000                    28739.2500
737.100                    28839.7500
737.200                    28580.2500
737.300                    28760.5000
737.400                    29099.2500
737.500                    28995.0000
737.600                    28891.2500
737.700                    29061.2500
737.800                    28951.5000
737.900                    28947.0000
738.000                    29225.5000
738.100                    29302.7500
738.200                    28960.5000
738.300                    29109.5000
738.400                    29029.5000
738.500                    28774.5000
738.600                    28770.0000
