# Transition                      wide 
# Notes                           
# Creation Comment                
# Energy Mode                     KE
# Start Energy in eV              149.6
# End Energy in eV                1259.6
# Energy Step in eV               0.5
# Number Of Sweeps                1
# Dwell Time per Sweep in s       0.3
# Analyser Mode                   CAE
# Pass Energy in eV/Retard Ratio  50
# Magnification                   high
# Divide Voltages By 10           off
# Excitation Source               Mg Ka 1253.6 eV normal
# Excitation Energy in eV         1253.6
# Analyser Workfunction in eV     4.5
# Entrance Slit                   6 x 12 mm
# Exit Slit                       5 x 11 mm
# 
# 
# Kinetic Energy in eV         Counts
# --------------------         ------
149.600                    19197.9000
150.100                    19372.8000
150.600                    19224.2000
151.100                    19064.6000
151.600                    19365.1000
152.100                    19292.2000
152.600                    19314.0000
153.100                    19263.7000
153.600                    19300.9000
154.100                    19122.6000
154.600                    18677.1000
155.100                    18822.4000
155.600                    18824.4000
156.100                    18872.4000
156.600                    18744.4000
157.100                    18791.5000
157.600                    19052.4000
158.100                    19065.3000
158.600                    18949.3000
159.100                    18973.0000
159.600                    18878.0000
160.100                    18694.8000
160.600                    18909.0000
161.100                    18842.8000
161.600                    18760.3000
162.100                    18816.0000
162.600                    18937.5000
163.100                    18976.3000
163.600                    18755.1000
164.100                    18602.8000
164.600                    18718.0000
165.100                    18575.3000
165.600                    18586.2000
166.100                    18617.7000
166.600                    18541.1000
167.100                    18369.0000
167.600                    18424.8000
168.100                    18437.7000
168.600                    18597.6000
169.100                    18074.9000
169.600                    18247.2000
170.100                    18027.0000
170.600                    18048.5000
171.100                    18086.5000
171.600                    18010.2000
172.100                    18193.5000
172.600                    18027.0000
173.100                    18103.8000
173.600                    18080.8000
174.100                    18087.9000
174.600                    18107.3000
175.100                    17862.5000
175.600                    18053.3000
176.100                    17920.7000
176.600                    18071.8000
177.100                    17808.3000
177.600                    18146.3000
178.100                    18132.9000
178.600                    18110.5000
179.100                    18364.9000
179.600                    18215.1000
180.100                    18227.1000
180.600                    18386.0000
181.100                    18220.0000
181.600                    18184.9000
182.100                    17937.0000
182.600                    17987.9000
183.100                    18012.6000
183.600                    17767.8000
184.100                    17528.7000
184.600                    17658.4000
185.100                    17696.2000
185.600                    17661.6000
186.100                    17449.2000
186.600                    17466.9000
187.100                    17453.1000
187.600                    17496.5000
188.100                    17403.5000
188.600                    17408.7000
189.100                    17498.9000
189.600                    17471.4000
190.100                    17672.1000
190.600                    17469.9000
191.100                    17554.6000
191.600                    17619.0000
192.100                    17445.5000
192.600                    17348.2000
193.100                    17523.3000
193.600                    17442.3000
194.100                    17455.5000
194.600                    17455.9000
195.100                    17428.7000
195.600                    17367.4000
196.100                    17556.6000
196.600                    17447.2000
197.100                    17378.6000
197.600                    17315.8000
198.100                    17428.4000
198.600                    17457.9000
199.100                    17293.5000
199.600                    17376.3000
200.100                    17396.2000
200.600                    17352.8000
201.100                    17508.9000
201.600                    17356.1000
202.100                    17326.2000
202.600                    17437.7000
203.100                    17492.9000
203.600                    17249.4000
204.100                    17280.4000
204.600                    17252.4000
205.100                    17397.7000
205.600                    17465.0000
206.100                    17303.6000
206.600                    17345.3000
207.100                    17519.4000
207.600                    17553.2000
208.100                    17389.7000
208.600                    17320.6000
209.100                    17287.8000
209.600                    17377.8000
210.100                    17376.8000
210.600                    17227.1000
211.100                    17499.2000
211.600                    17330.3000
212.100                    17163.9000
212.600                    17214.1000
213.100                    17164.9000
213.600                    17498.6000
214.100                    17495.2000
214.600                    17452.2000
215.100                    17363.2000
215.600                    17518.3000
216.100                    17438.9000
216.600                    17342.8000
217.100                    17449.1000
217.600                    17195.8000
218.100                    17203.3000
218.600                    17259.6000
219.100                    17404.0000
219.600                    17551.3000
220.100                    17276.7000
220.600                    17039.4000
221.100                    17334.6000
221.600                    17217.0000
222.100                    17058.6000
222.600                    17217.2000
223.100                    17011.7000
223.600                    17132.2000
224.100                    17211.9000
224.600                    16857.9000
225.100                    16950.4000
225.600                    16949.9000
226.100                    16945.7000
226.600                    17075.1000
227.100                    16779.5000
227.600                    16705.8000
228.100                    16934.4000
228.600                    16957.3000
229.100                    16919.2000
229.600                    17097.1000
230.100                    17215.8000
230.600                    17216.3000
231.100                    17193.3000
231.600                    16909.6000
232.100                    16713.8000
232.600                    16921.8000
233.100                    16992.4000
233.600                    16955.7000
234.100                    16915.1000
234.600                    16953.1000
235.100                    16865.4000
235.600                    17260.4000
236.100                    17399.2000
236.600                    17682.7000
237.100                    17890.1000
237.600                    18227.8000
238.100                    18082.1000
238.600                    17998.9000
239.100                    18023.1000
239.600                    18008.8000
240.100                    18079.5000
240.600                    17799.8000
241.100                    17400.9000
241.600                    17304.7000
242.100                    17141.7000
242.600                    16865.7000
243.100                    16911.1000
243.600                    17091.0000
244.100                    17138.7000
244.600                    17184.3000
245.100                    17146.6000
245.600                    16942.9000
246.100                    16942.1000
246.600                    17102.3000
247.100                    17056.3000
247.600                    17044.9000
248.100                    17083.5000
248.600                    16882.3000
249.100                    16780.4000
249.600                    16918.8000
250.100                    16976.8000
250.600                    17068.0000
251.100                    16911.1000
251.600                    17199.0000
252.100                    17219.4000
252.600                    17249.7000
253.100                    17329.5000
253.600                    17418.1000
254.100                    17535.8000
254.600                    17313.2000
255.100                    17241.8000
255.600                    17333.7000
256.100                    17523.1000
256.600                    17396.5000
257.100                    17483.5000
257.600                    17461.5000
258.100                    17520.2000
258.600                    17552.6000
259.100                    17632.3000
259.600                    17489.3000
260.100                    17505.2000
260.600                    17416.9000
261.100                    17215.6000
261.600                    17322.8000
262.100                    17232.6000
262.600                    17205.3000
263.100                    17238.9000
263.600                    17030.2000
264.100                    17026.8000
264.600                    17051.7000
265.100                    16893.4000
265.600                    16598.0000
266.100                    16382.6000
266.600                    16402.5000
267.100                    15984.4000
267.600                    16001.5000
268.100                    15772.6000
268.600                    15417.1000
269.100                    15368.7000
269.600                    15104.5000
270.100                    15148.6000
270.600                    15028.7000
271.100                    14815.6000
271.600                    14884.4000
272.100                    14342.7000
272.600                    14456.2000
273.100                    14409.4000
273.600                    14248.1000
274.100                    14261.4000
274.600                    14208.3000
275.100                    13958.2000
275.600                    13883.0000
276.100                    13850.0000
276.600                    13838.4000
277.100                    13868.3000
277.600                    13680.9000
278.100                    13636.8000
278.600                    13667.4000
279.100                    13603.8000
279.600                    13505.4000
280.100                    13599.8000
280.600                    13569.9000
281.100                    13601.9000
281.600                    13498.9000
282.100                    13384.3000
282.600                    13423.8000
283.100                    13490.7000
283.600                    13366.5000
284.100                    13336.5000
284.600                    13430.9000
285.100                    13585.0000
285.600                    13528.9000
286.100                    13625.3000
286.600                    13622.8000
287.100                    13669.1000
287.600                    13584.2000
288.100                    13722.4000
288.600                    13747.7000
289.100                    13783.6000
289.600                    13843.6000
290.100                    13800.7000
290.600                    13635.1000
291.100                    13588.8000
291.600                    13369.7000
292.100                    13522.4000
292.600                    13580.3000
293.100                    13486.5000
293.600                    13407.3000
294.100                    13340.4000
294.600                    13259.2000
295.100                    13161.4000
295.600                    13206.7000
296.100                    13117.9000
296.600                    13037.7000
297.100                    12989.3000
297.600                    13167.2000
298.100                    12955.9000
298.600                    13084.1000
299.100                    12974.8000
299.600                    13071.0000
300.100                    13025.3000
300.600                    12985.1000
301.100                    13110.6000
301.600                    13007.3000
302.100                    12962.1000
302.600                    13114.8000
303.100                    12882.4000
303.600                    12921.3000
304.100                    12922.0000
304.600                    12974.6000
305.100                    12952.5000
305.600                    13014.8000
306.100                    12963.5000
306.600                    13073.8000
307.100                    13076.2000
307.600                    13011.4000
308.100                    12931.5000
308.600                    12830.1000
309.100                    12744.5000
309.600                    12850.8000
310.100                    13099.7000
310.600                    12948.4000
311.100                    12865.4000
311.600                    12881.8000
312.100                    12969.1000
312.600                    12718.1000
313.100                    12637.9000
313.600                    12695.0000
314.100                    12697.5000
314.600                    12542.1000
315.100                    12765.4000
315.600                    12616.5000
316.100                    12620.8000
316.600                    12716.7000
317.100                    12683.3000
317.600                    12560.4000
318.100                    12746.1000
318.600                    12592.8000
319.100                    12784.6000
319.600                    12777.3000
320.100                    12676.4000
320.600                    12649.8000
321.100                    12733.2000
321.600                    12674.9000
322.100                    12535.4000
322.600                    12526.8000
323.100                    12537.1000
323.600                    12500.7000
324.100                    12570.5000
324.600                    12486.3000
325.100                    12624.2000
325.600                    12546.8000
326.100                    12551.2000
326.600                    12641.1000
327.100                    12621.1000
327.600                    12469.7000
328.100                    12533.1000
328.600                    12486.1000
329.100                    12561.9000
329.600                    12607.0000
330.100                    12426.9000
330.600                    12470.3000
331.100                    12689.4000
331.600                    12389.3000
332.100                    12299.0000
332.600                    12290.7000
333.100                    12404.6000
333.600                    12667.3000
334.100                    12480.1000
334.600                    12437.9000
335.100                    12602.6000
335.600                    12732.8000
336.100                    12438.8000
336.600                    12478.1000
337.100                    12485.2000
337.600                    12489.1000
338.100                    12548.2000
338.600                    12588.1000
339.100                    12565.4000
339.600                    12608.1000
340.100                    12537.7000
340.600                    12553.6000
341.100                    12396.5000
341.600                    12350.1000
342.100                    12279.6000
342.600                    12579.5000
343.100                    12448.1000
343.600                    12550.9000
344.100                    12547.0000
344.600                    12445.2000
345.100                    12586.6000
345.600                    12487.1000
346.100                    12482.6000
346.600                    12646.9000
347.100                    12757.1000
347.600                    12604.4000
348.100                    12465.0000
348.600                    12470.9000
349.100                    12425.4000
349.600                    12390.5000
350.100                    12330.1000
350.600                    12379.2000
351.100                    12459.8000
351.600                    12525.0000
352.100                    12646.0000
352.600                    12592.4000
353.100                    12538.3000
353.600                    12504.4000
354.100                    12538.3000
354.600                    12646.6000
355.100                    12486.1000
355.600                    12427.2000
356.100                    12398.5000
356.600                    12615.9000
357.100                    12551.6000
357.600                    12622.4000
358.100                    12642.4000
358.600                    12518.1000
359.100                    12554.6000
359.600                    12505.0000
360.100                    12358.2000
360.600                    12479.0000
361.100                    12527.4000
361.600                    12404.6000
362.100                    12494.0000
362.600                    12382.8000
363.100                    12274.8000
363.600                    12407.1000
364.100                    12469.5000
364.600                    12441.5000
365.100                    12490.3000
365.600                    12428.8000
366.100                    12475.6000
366.600                    12320.9000
367.100                    12409.6000
367.600                    12379.3000
368.100                    12366.1000
368.600                    12503.5000
369.100                    12381.2000
369.600                    12371.0000
370.100                    12457.5000
370.600                    12352.5000
371.100                    12339.1000
371.600                    12523.5000
372.100                    12418.6000
372.600                    12513.3000
373.100                    12578.5000
373.600                    12493.0000
374.100                    12457.8000
374.600                    12326.9000
375.100                    12388.9000
375.600                    12431.5000
376.100                    12514.2000
376.600                    12513.4000
377.100                    12638.1000
377.600                    12609.6000
378.100                    12560.4000
378.600                    12474.5000
379.100                    12591.4000
379.600                    12571.8000
380.100                    12701.8000
380.600                    12633.3000
381.100                    12429.0000
381.600                    12434.1000
382.100                    12439.5000
382.600                    12515.2000
383.100                    12379.6000
383.600                    12373.7000
384.100                    12392.9000
384.600                    12475.3000
385.100                    12289.8000
385.600                    12321.8000
386.100                    12301.6000
386.600                    12153.0000
387.100                    12187.3000
387.600                    12173.6000
388.100                    12179.4000
388.600                    12091.9000
389.100                    12131.0000
389.600                    11860.8000
390.100                    11956.3000
390.600                    12011.9000
391.100                    11950.3000
391.600                    12028.6000
392.100                    11925.4000
392.600                    12054.5000
393.100                    11876.3000
393.600                    11868.1000
394.100                    12040.0000
394.600                    12070.9000
395.100                    12085.8000
395.600                    11933.7000
396.100                    11927.3000
396.600                    11905.6000
397.100                    11960.0000
397.600                    11861.6000
398.100                    11907.4000
398.600                    12039.8000
399.100                    12063.5000
399.600                    12056.7000
400.100                    12163.5000
400.600                    11951.7000
401.100                    11887.6000
401.600                    11961.3000
402.100                    11882.3000
402.600                    11842.3000
403.100                    12012.4000
403.600                    11747.2000
404.100                    11815.0000
404.600                    11885.6000
405.100                    11745.0000
405.600                    11763.6000
406.100                    11829.3000
406.600                    11713.1000
407.100                    11805.6000
407.600                    11681.3000
408.100                    11571.3000
408.600                    11711.2000
409.100                    11635.1000
409.600                    11669.2000
410.100                    11818.4000
410.600                    11788.7000
411.100                    11668.8000
411.600                    11632.6000
412.100                    11820.4000
412.600                    11678.5000
413.100                    11727.8000
413.600                    11725.2000
414.100                    11663.9000
414.600                    11770.2000
415.100                    11809.3000
415.600                    11716.1000
416.100                    11699.9000
416.600                    11732.8000
417.100                    11489.4000
417.600                    11781.1000
418.100                    11694.3000
418.600                    11795.1000
419.100                    11752.1000
419.600                    11831.4000
420.100                    11749.3000
420.600                    11909.6000
421.100                    11880.7000
421.600                    11726.8000
422.100                    11813.7000
422.600                    11747.6000
423.100                    11823.7000
423.600                    11573.6000
424.100                    11625.6000
424.600                    11473.7000
425.100                    11608.7000
425.600                    11498.6000
426.100                    11565.2000
426.600                    11697.7000
427.100                    11558.7000
427.600                    11652.8000
428.100                    11642.1000
428.600                    11671.6000
429.100                    11630.7000
429.600                    11568.4000
430.100                    11709.8000
430.600                    11642.0000
431.100                    11595.8000
431.600                    11700.7000
432.100                    11683.8000
432.600                    11764.4000
433.100                    11605.4000
433.600                    11730.0000
434.100                    11634.2000
434.600                    11631.5000
435.100                    11700.1000
435.600                    11670.2000
436.100                    11504.1000
436.600                    11579.4000
437.100                    11715.7000
437.600                    11825.4000
438.100                    11799.0000
438.600                    11621.8000
439.100                    11460.1000
439.600                    11511.6000
440.100                    11691.0000
440.600                    11484.2000
441.100                    11686.3000
441.600                    11539.5000
442.100                    11565.5000
442.600                    11753.3000
443.100                    11712.8000
443.600                    11763.5000
444.100                    11729.2000
444.600                    11760.8000
445.100                    11775.1000
445.600                    11531.6000
446.100                    11801.9000
446.600                    11811.6000
447.100                    11839.0000
447.600                    11639.9000
448.100                    11679.4000
448.600                    11638.5000
449.100                    11509.1000
449.600                    11598.0000
450.100                    11760.0000
450.600                    11711.1000
451.100                    11813.4000
451.600                    11656.0000
452.100                    11824.6000
452.600                    11769.9000
453.100                    11793.2000
453.600                    11630.1000
454.100                    11648.1000
454.600                    11639.6000
455.100                    11686.1000
455.600                    11757.8000
456.100                    11761.1000
456.600                    11719.6000
457.100                    11840.2000
457.600                    11792.9000
458.100                    11735.3000
458.600                    11800.6000
459.100                    11837.8000
459.600                    11756.4000
460.100                    11699.7000
460.600                    11682.5000
461.100                    11537.2000
461.600                    11660.8000
462.100                    11681.3000
462.600                    11637.4000
463.100                    11768.3000
463.600                    11919.6000
464.100                    11774.1000
464.600                    11684.5000
465.100                    11795.5000
465.600                    11839.4000
466.100                    11749.6000
466.600                    11747.6000
467.100                    12022.0000
467.600                    11850.5000
468.100                    11900.9000
468.600                    11929.8000
469.100                    11777.3000
469.600                    11784.9000
470.100                    11765.2000
470.600                    11635.4000
471.100                    11703.1000
471.600                    11832.1000
472.100                    11712.2000
472.600                    11997.5000
473.100                    11678.2000
473.600                    11413.0000
474.100                    11745.7000
474.600                    11693.0000
475.100                    11729.5000
475.600                    11446.7000
476.100                    11498.2000
476.600                    11660.4000
477.100                    11633.6000
477.600                    11546.2000
478.100                    11404.5000
478.600                    11501.4000
479.100                    11533.0000
479.600                    11633.4000
480.100                    11720.1000
480.600                    11821.6000
481.100                    11854.0000
481.600                    11789.5000
482.100                    11798.6000
482.600                    11819.1000
483.100                    11984.1000
483.600                    12113.2000
484.100                    12045.1000
484.600                    11893.0000
485.100                    11974.4000
485.600                    12020.3000
486.100                    12016.4000
486.600                    11956.7000
487.100                    12039.8000
487.600                    11723.1000
488.100                    11600.6000
488.600                    11582.9000
489.100                    11556.1000
489.600                    11694.8000
490.100                    11606.3000
490.600                    11492.0000
491.100                    11447.6000
491.600                    11449.2000
492.100                    11099.8000
492.600                    11126.6000
493.100                    10971.8000
493.600                    10919.5000
494.100                    10885.8000
494.600                    10812.8000
495.100                    10853.7000
495.600                    10816.7000
496.100                    10495.1000
496.600                    10567.8000
497.100                    10747.5000
497.600                    10743.2000
498.100                    10668.9000
498.600                    10562.6000
499.100                    10650.2000
499.600                    10596.1000
500.100                    10609.7000
500.600                    10738.3000
501.100                    10723.4000
501.600                    10937.6000
502.100                    10910.4000
502.600                    11082.1000
503.100                    11207.0000
503.600                    11228.9000
504.100                    11623.6000
504.600                    11851.8000
505.100                    11985.3000
505.600                    11926.4000
506.100                    12011.3000
506.600                    12233.3000
507.100                    12224.0000
507.600                    12141.1000
508.100                    12188.2000
508.600                    11893.3000
509.100                    11708.2000
509.600                    11619.6000
510.100                    11489.0000
510.600                    11480.6000
511.100                    11258.3000
511.600                    11004.6000
512.100                    10870.1000
512.600                    10529.2000
513.100                    10258.4000
513.600                    10011.9000
514.100                    10086.1000
514.600                     9888.9000
515.100                     9577.0000
515.600                     9504.6000
516.100                     9437.3000
516.600                     9346.0000
517.100                     9097.3000
517.600                     8922.3000
518.100                     8912.0000
518.600                     8945.7000
519.100                     8811.6000
519.600                     8712.7000
520.100                     8662.4000
520.600                     8636.5000
521.100                     8533.0000
521.600                     8668.5000
522.100                     8451.0000
522.600                     8490.2000
523.100                     8556.6000
523.600                     8455.5000
524.100                     8432.5000
524.600                     8427.7000
525.100                     8447.6000
525.600                     8389.5000
526.100                     8550.3000
526.600                     8566.8000
527.100                     8546.8000
527.600                     8523.1000
528.100                     8471.2000
528.600                     8412.0000
529.100                     8473.9000
529.600                     8459.0000
530.100                     8437.6000
530.600                     8320.0000
531.100                     8410.8000
531.600                     8311.5000
532.100                     8260.1000
532.600                     8209.3000
533.100                     8155.2000
533.600                     8281.5000
534.100                     8223.9000
534.600                     8373.7000
535.100                     8411.8000
535.600                     8348.6000
536.100                     8357.0000
536.600                     8277.7000
537.100                     8362.1000
537.600                     8461.9000
538.100                     8424.4000
538.600                     8443.2000
539.100                     8368.8000
539.600                     8237.7000
540.100                     8279.2000
540.600                     8382.6000
541.100                     8345.7000
541.600                     8397.5000
542.100                     8453.8000
542.600                     8464.9000
543.100                     8413.2000
543.600                     8354.4000
544.100                     8093.0000
544.600                     8182.6000
545.100                     8077.5000
545.600                     8025.8000
546.100                     7915.0000
546.600                     8094.2000
547.100                     8107.2000
547.600                     8015.7000
548.100                     8042.4000
548.600                     8056.6000
549.100                     7989.9000
549.600                     8058.0000
550.100                     7960.0000
550.600                     7962.2000
551.100                     7944.3000
551.600                     7908.2000
552.100                     8082.1000
552.600                     8005.8000
553.100                     7951.1000
553.600                     8016.2000
554.100                     8023.2000
554.600                     7970.6000
555.100                     7941.7000
555.600                     7745.9000
556.100                     8041.3000
556.600                     7922.0000
557.100                     7990.8000
557.600                     7950.0000
558.100                     7864.8000
558.600                     7876.4000
559.100                     7950.7000
559.600                     7983.8000
560.100                     7954.3000
560.600                     7738.2000
561.100                     7833.0000
561.600                     7916.4000
562.100                     7828.7000
562.600                     7854.6000
563.100                     8043.0000
563.600                     7894.6000
564.100                     8060.8000
564.600                     7922.1000
565.100                     8010.0000
565.600                     8026.0000
566.100                     8022.3000
566.600                     7910.8000
567.100                     7917.0000
567.600                     8000.8000
568.100                     7868.3000
568.600                     7983.4000
569.100                     7980.0000
569.600                     7940.3000
570.100                     7846.7000
570.600                     7874.4000
571.100                     7902.1000
571.600                     7921.1000
572.100                     7827.3000
572.600                     7920.9000
573.100                     7782.0000
573.600                     7775.0000
574.100                     7809.7000
574.600                     7780.4000
575.100                     7791.7000
575.600                     7824.9000
576.100                     7806.5000
576.600                     7794.1000
577.100                     7959.0000
577.600                     7881.6000
578.100                     7706.9000
578.600                     7798.7000
579.100                     7826.5000
579.600                     7698.9000
580.100                     7710.8000
580.600                     7884.6000
581.100                     7729.8000
581.600                     7705.9000
582.100                     7809.3000
582.600                     7854.1000
583.100                     7916.0000
583.600                     7838.9000
584.100                     7808.9000
584.600                     7840.6000
585.100                     7633.1000
585.600                     7648.7000
586.100                     7738.4000
586.600                     7817.5000
587.100                     7846.1000
587.600                     7776.2000
588.100                     7693.2000
588.600                     7782.3000
589.100                     7774.9000
589.600                     7739.8000
590.100                     7883.0000
590.600                     7878.7000
591.100                     7625.2000
591.600                     7704.7000
592.100                     7712.7000
592.600                     7793.1000
593.100                     7713.6000
593.600                     7805.7000
594.100                     7771.7000
594.600                     7690.8000
595.100                     7723.5000
595.600                     7692.9000
596.100                     7646.5000
596.600                     7647.3000
597.100                     7601.1000
597.600                     7713.8000
598.100                     7783.6000
598.600                     7540.7000
599.100                     7563.9000
599.600                     7673.9000
600.100                     7644.9000
600.600                     7560.6000
601.100                     7588.1000
601.600                     7561.1000
602.100                     7578.0000
602.600                     7502.2000
603.100                     7585.2000
603.600                     7469.8000
604.100                     7664.8000
604.600                     7672.8000
605.100                     7451.5000
605.600                     7472.7000
606.100                     7475.5000
606.600                     7587.9000
607.100                     7491.4000
607.600                     7548.1000
608.100                     7504.1000
608.600                     7584.6000
609.100                     7668.9000
609.600                     7716.7000
610.100                     7639.6000
610.600                     7545.5000
611.100                     7582.7000
611.600                     7517.7000
612.100                     7574.4000
612.600                     7552.6000
613.100                     7505.2000
613.600                     7452.5000
614.100                     7593.8000
614.600                     7518.4000
615.100                     7487.9000
615.600                     7530.5000
616.100                     7549.1000
616.600                     7536.0000
617.100                     7564.9000
617.600                     7439.8000
618.100                     7408.0000
618.600                     7440.9000
619.100                     7429.5000
619.600                     7483.5000
620.100                     7432.4000
620.600                     7426.6000
621.100                     7531.0000
621.600                     7561.5000
622.100                     7507.5000
622.600                     7511.1000
623.100                     7585.1000
623.600                     7469.2000
624.100                     7557.6000
624.600                     7523.7000
625.100                     7457.9000
625.600                     7504.3000
626.100                     7473.7000
626.600                     7439.5000
627.100                     7349.4000
627.600                     7359.3000
628.100                     7472.9000
628.600                     7378.7000
629.100                     7378.4000
629.600                     7516.2000
630.100                     7393.2000
630.600                     7460.3000
631.100                     7357.3000
631.600                     7422.4000
632.100                     7479.8000
632.600                     7446.0000
633.100                     7531.4000
633.600                     7433.9000
634.100                     7443.4000
634.600                     7381.9000
635.100                     7491.6000
635.600                     7552.3000
636.100                     7504.3000
636.600                     7434.3000
637.100                     7515.1000
637.600                     7461.9000
638.100                     7426.5000
638.600                     7482.7000
639.100                     7370.7000
639.600                     7493.1000
640.100                     7448.0000
640.600                     7472.5000
641.100                     7482.0000
641.600                     7484.5000
642.100                     7420.3000
642.600                     7421.1000
643.100                     7428.2000
643.600                     7363.9000
644.100                     7326.2000
644.600                     7490.5000
645.100                     7545.9000
645.600                     7495.5000
646.100                     7394.7000
646.600                     7377.2000
647.100                     7339.5000
647.600                     7386.3000
648.100                     7447.8000
648.600                     7374.1000
649.100                     7348.7000
649.600                     7303.5000
650.100                     7354.9000
650.600                     7402.1000
651.100                     7251.0000
651.600                     7272.6000
652.100                     7332.5000
652.600                     7222.2000
653.100                     7248.5000
653.600                     7348.9000
654.100                     7291.7000
654.600                     7334.8000
655.100                     7213.2000
655.600                     7329.5000
656.100                     7305.5000
656.600                     7254.9000
657.100                     7250.4000
657.600                     7170.5000
658.100                     7198.1000
658.600                     7066.7000
659.100                     7121.3000
659.600                     7110.5000
660.100                     7148.2000
660.600                     7199.4000
661.100                     7125.5000
661.600                     7245.9000
662.100                     7194.4000
662.600                     7139.6000
663.100                     7175.3000
663.600                     7162.7000
664.100                     7100.9000
664.600                     7148.0000
665.100                     7162.8000
665.600                     7035.3000
666.100                     7041.3000
666.600                     7089.0000
667.100                     7026.7000
667.600                     7051.8000
668.100                     6958.9000
668.600                     7015.6000
669.100                     6991.2000
669.600                     7044.1000
670.100                     7106.5000
670.600                     7012.1000
671.100                     6875.3000
671.600                     6955.2000
672.100                     6959.6000
672.600                     6805.1000
673.100                     6979.3000
673.600                     7040.3000
674.100                     7024.9000
674.600                     6908.6000
675.100                     6992.0000
675.600                     6988.4000
676.100                     6910.6000
676.600                     6812.7000
677.100                     6808.8000
677.600                     6725.8000
678.100                     6860.2000
678.600                     6852.5000
679.100                     6801.1000
679.600                     6922.7000
680.100                     6821.9000
680.600                     6679.7000
681.100                     6863.9000
681.600                     6734.5000
682.100                     6769.2000
682.600                     6698.7000
683.100                     6640.6000
683.600                     6934.5000
684.100                     6772.6000
684.600                     6657.3000
685.100                     6684.3000
685.600                     6630.2000
686.100                     6814.4000
686.600                     6667.7000
687.100                     6650.4000
687.600                     6827.1000
688.100                     6690.5000
688.600                     6793.0000
689.100                     6722.8000
689.600                     6814.8000
690.100                     6756.6000
690.600                     6547.5000
691.100                     6568.5000
691.600                     6722.5000
692.100                     6746.6000
692.600                     6817.1000
693.100                     6680.2000
693.600                     6861.9000
694.100                     6721.9000
694.600                     6715.6000
695.100                     6836.8000
695.600                     6799.6000
696.100                     6893.9000
696.600                     6819.5000
697.100                     6781.1000
697.600                     6940.1000
698.100                     6711.1000
698.600                     6778.0000
699.100                     6861.2000
699.600                     6750.5000
700.100                     6754.2000
700.600                     6607.2000
701.100                     6715.7000
701.600                     6465.1000
702.100                     6507.0000
702.600                     6455.7000
703.100                     6437.6000
703.600                     6402.6000
704.100                     6462.9000
704.600                     6305.1000
705.100                     6203.0000
705.600                     6208.2000
706.100                     6094.8000
706.600                     6004.9000
707.100                     5978.0000
707.600                     5963.3000
708.100                     5821.4000
708.600                     5696.1000
709.100                     5692.4000
709.600                     5600.3000
710.100                     5456.9000
710.600                     5454.5000
711.100                     5385.0000
711.600                     5325.6000
712.100                     5321.3000
712.600                     5285.6000
713.100                     5216.3000
713.600                     5220.2000
714.100                     5265.3000
714.600                     5216.4000
715.100                     5391.7000
715.600                     5327.1000
716.100                     5593.0000
716.600                     5913.8000
717.100                     6507.3000
717.600                     7338.2000
718.100                     8461.4000
718.600                     9705.5000
719.100                    10687.2000
719.600                    11362.5000
720.100                    11555.0000
720.600                    10962.5000
721.100                    10093.7000
721.600                     9338.7000
722.100                     8487.6000
722.600                     7584.1000
723.100                     6667.5000
723.600                     5740.4000
724.100                     5262.3000
724.600                     4946.0000
725.100                     4765.6000
725.600                     4881.0000
726.100                     4894.2000
726.600                     4928.3000
727.100                     5072.8000
727.600                     4898.1000
728.100                     5074.0000
728.600                     5095.7000
729.100                     5191.8000
729.600                     5223.4000
730.100                     5180.7000
730.600                     5091.7000
731.100                     4950.1000
731.600                     4976.7000
732.100                     4771.1000
732.600                     4652.8000
733.100                     4533.8000
733.600                     4381.3000
734.100                     4408.3000
734.600                     4410.5000
735.100                     4355.4000
735.600                     4421.3000
736.100                     4413.0000
736.600                     4372.9000
737.100                     4459.8000
737.600                     4327.8000
738.100                     4376.9000
738.600                     4460.3000
739.100                     4466.2000
739.600                     4336.4000
740.100                     4405.8000
740.600                     4419.4000
741.100                     4364.6000
741.600                     4299.9000
742.100                     4315.5000
742.600                     4387.5000
743.100                     4356.5000
743.600                     4334.2000
744.100                     4309.8000
744.600                     4245.0000
745.100                     4257.2000
745.600                     4292.4000
746.100                     4210.0000
746.600                     4161.1000
747.100                     4108.5000
747.600                     4278.6000
748.100                     4216.9000
748.600                     4263.2000
749.100                     4207.1000
749.600                     4140.6000
750.100                     4220.7000
750.600                     4066.7000
751.100                     4131.8000
751.600                     4193.9000
752.100                     4285.4000
752.600                     4207.2000
753.100                     4219.8000
753.600                     4287.4000
754.100                     4202.2000
754.600                     4211.2000
755.100                     4233.5000
755.600                     4141.5000
756.100                     4178.8000
756.600                     4209.0000
757.100                     4213.4000
757.600                     4283.7000
758.100                     4200.9000
758.600                     4207.1000
759.100                     4247.1000
759.600                     4221.0000
760.100                     4113.6000
760.600                     4179.5000
761.100                     4291.5000
761.600                     4273.0000
762.100                     4186.4000
762.600                     4116.3000
763.100                     4123.0000
763.600                     4143.9000
764.100                     4220.4000
764.600                     4196.8000
765.100                     4245.1000
765.600                     4270.7000
766.100                     4283.1000
766.600                     4181.3000
767.100                     4164.1000
767.600                     4236.8000
768.100                     4306.4000
768.600                     4153.3000
769.100                     4216.4000
769.600                     4168.9000
770.100                     4184.9000
770.600                     4158.0000
771.100                     4179.3000
771.600                     4038.3000
772.100                     4159.8000
772.600                     4183.5000
773.100                     4145.4000
773.600                     4145.8000
774.100                     4112.1000
774.600                     4068.2000
775.100                     4057.9000
775.600                     4064.3000
776.100                     4053.8000
776.600                     4074.2000
777.100                     3978.2000
777.600                     3994.3000
778.100                     3986.4000
778.600                     4059.9000
779.100                     4083.5000
779.600                     4071.4000
780.100                     3934.5000
780.600                     4050.5000
781.100                     4054.2000
781.600                     3995.6000
782.100                     3963.6000
782.600                     3940.1000
783.100                     3927.2000
783.600                     3996.5000
784.100                     3933.3000
784.600                     3862.4000
785.100                     3918.2000
785.600                     3923.4000
786.100                     4007.8000
786.600                     4089.2000
787.100                     4059.0000
787.600                     4157.9000
788.100                     4203.9000
788.600                     4073.2000
789.100                     4036.0000
789.600                     4052.2000
790.100                     3964.5000
790.600                     3848.2000
791.100                     3870.1000
791.600                     4004.9000
792.100                     4037.0000
792.600                     4255.6000
793.100                     4407.6000
793.600                     4679.4000
794.100                     4741.7000
794.600                     4707.2000
795.100                     4365.8000
795.600                     4094.6000
796.100                     3849.9000
796.600                     3768.0000
797.100                     3781.7000
797.600                     3734.7000
798.100                     3603.1000
798.600                     3545.5000
799.100                     3692.0000
799.600                     3559.8000
800.100                     3640.1000
800.600                     3641.8000
801.100                     3592.1000
801.600                     3553.9000
802.100                     3553.2000
802.600                     3506.8000
803.100                     3502.3000
803.600                     3578.3000
804.100                     3594.5000
804.600                     3579.7000
805.100                     3557.3000
805.600                     3504.0000
806.100                     3492.9000
806.600                     3494.8000
807.100                     3511.5000
807.600                     3471.9000
808.100                     3462.7000
808.600                     3440.0000
809.100                     3491.0000
809.600                     3543.1000
810.100                     3584.1000
810.600                     3561.5000
811.100                     3601.8000
811.600                     3690.8000
812.100                     3650.5000
812.600                     3726.4000
813.100                     3691.8000
813.600                     3670.3000
814.100                     3641.1000
814.600                     3632.9000
815.100                     3641.3000
815.600                     3543.9000
816.100                     3587.4000
816.600                     3487.1000
817.100                     3454.6000
817.600                     3435.6000
818.100                     3369.9000
818.600                     3448.6000
819.100                     3426.0000
819.600                     3460.8000
820.100                     3461.4000
820.600                     3478.5000
821.100                     3516.0000
821.600                     3475.3000
822.100                     3444.2000
822.600                     3413.1000
823.100                     3441.8000
823.600                     3372.5000
824.100                     3397.6000
824.600                     3455.9000
825.100                     3446.2000
825.600                     3351.8000
826.100                     3362.9000
826.600                     3339.0000
827.100                     3414.6000
827.600                     3428.6000
828.100                     3433.4000
828.600                     3310.3000
829.100                     3298.8000
829.600                     3411.6000
830.100                     3367.1000
830.600                     3457.1000
831.100                     3560.4000
831.600                     3398.4000
832.100                     3386.3000
832.600                     3413.7000
833.100                     3315.0000
833.600                     3354.5000
834.100                     3415.0000
834.600                     3504.0000
835.100                     3468.9000
835.600                     3354.2000
836.100                     3375.4000
836.600                     3461.1000
837.100                     3378.9000
837.600                     3388.7000
838.100                     3349.7000
838.600                     3407.9000
839.100                     3347.5000
839.600                     3325.0000
840.100                     3348.1000
840.600                     3455.0000
841.100                     3327.1000
841.600                     3369.7000
842.100                     3298.6000
842.600                     3323.4000
843.100                     3272.0000
843.600                     3307.5000
844.100                     3354.6000
844.600                     3328.5000
845.100                     3325.8000
845.600                     3319.8000
846.100                     3306.1000
846.600                     3305.4000
847.100                     3320.6000
847.600                     3294.9000
848.100                     3325.8000
848.600                     3343.2000
849.100                     3318.7000
849.600                     3295.0000
850.100                     3356.2000
850.600                     3441.4000
851.100                     3441.9000
851.600                     3521.6000
852.100                     3585.7000
852.600                     3662.7000
853.100                     3515.4000
853.600                     3440.8000
854.100                     3481.3000
854.600                     3380.1000
855.100                     3371.7000
855.600                     3328.1000
856.100                     3368.8000
856.600                     3272.2000
857.100                     3188.4000
857.600                     3254.1000
858.100                     3264.0000
858.600                     3240.7000
859.100                     3361.1000
859.600                     3312.5000
860.100                     3277.4000
860.600                     3303.2000
861.100                     3207.0000
861.600                     3242.5000
862.100                     3327.8000
862.600                     3270.6000
863.100                     3269.5000
863.600                     3300.7000
864.100                     3225.5000
864.600                     3272.3000
865.100                     3290.5000
865.600                     3184.7000
866.100                     3196.1000
866.600                     3267.7000
867.100                     3275.0000
867.600                     3122.9000
868.100                     3220.6000
868.600                     3185.5000
869.100                     3198.5000
869.600                     3269.9000
870.100                     3298.3000
870.600                     3348.3000
871.100                     3299.4000
871.600                     3283.4000
872.100                     3389.1000
872.600                     3338.7000
873.100                     3362.4000
873.600                     3348.1000
874.100                     3299.8000
874.600                     3301.6000
875.100                     3329.0000
875.600                     3268.4000
876.100                     3322.0000
876.600                     3305.3000
877.100                     3318.4000
877.600                     3281.3000
878.100                     3226.1000
878.600                     3240.5000
879.100                     3254.2000
879.600                     3250.3000
880.100                     3270.6000
880.600                     3280.5000
881.100                     3206.2000
881.600                     3255.1000
882.100                     3243.6000
882.600                     3387.2000
883.100                     3322.9000
883.600                     3176.6000
884.100                     3251.0000
884.600                     3283.5000
885.100                     3308.8000
885.600                     3231.7000
886.100                     3243.2000
886.600                     3258.4000
887.100                     3235.6000
887.600                     3248.7000
888.100                     3320.1000
888.600                     3352.2000
889.100                     3334.5000
889.600                     3278.7000
890.100                     3301.8000
890.600                     3258.1000
891.100                     3286.7000
891.600                     3266.4000
892.100                     3236.2000
892.600                     3244.9000
893.100                     3328.1000
893.600                     3296.4000
894.100                     3227.1000
894.600                     3319.3000
895.100                     3293.2000
895.600                     3400.5000
896.100                     3281.3000
896.600                     3253.6000
897.100                     3280.5000
897.600                     3348.2000
898.100                     3306.4000
898.600                     3303.0000
899.100                     3387.2000
899.600                     3468.0000
900.100                     3518.9000
900.600                     3689.0000
901.100                     3687.6000
901.600                     3800.1000
902.100                     3770.5000
902.600                     3752.1000
903.100                     3761.0000
903.600                     3943.5000
904.100                     4052.1000
904.600                     4093.6000
905.100                     4080.8000
905.600                     3815.1000
906.100                     3579.8000
906.600                     3431.7000
907.100                     3325.2000
907.600                     3269.5000
908.100                     3244.5000
908.600                     3141.7000
909.100                     3234.3000
909.600                     3147.3000
910.100                     3156.0000
910.600                     3231.4000
911.100                     3230.4000
911.600                     3138.1000
912.100                     3223.9000
912.600                     3269.0000
913.100                     3193.9000
913.600                     3213.4000
914.100                     3220.6000
914.600                     3236.4000
915.100                     3278.6000
915.600                     3161.7000
916.100                     3163.8000
916.600                     3178.8000
917.100                     3178.3000
917.600                     3148.4000
918.100                     3245.9000
918.600                     3171.4000
919.100                     3198.8000
919.600                     3193.0000
920.100                     3238.2000
920.600                     3346.6000
921.100                     3322.2000
921.600                     3267.4000
922.100                     3179.7000
922.600                     3181.3000
923.100                     3167.0000
923.600                     3121.2000
924.100                     3163.1000
924.600                     3206.5000
925.100                     3193.4000
925.600                     3184.7000
926.100                     3168.2000
926.600                     3263.5000
927.100                     3157.0000
927.600                     3204.3000
928.100                     3220.1000
928.600                     3253.8000
929.100                     3193.2000
929.600                     3210.2000
930.100                     3280.9000
930.600                     3231.1000
931.100                     3289.8000
931.600                     3200.9000
932.100                     3254.6000
932.600                     3241.4000
933.100                     3206.2000
933.600                     3222.7000
934.100                     3251.8000
934.600                     3215.3000
935.100                     3284.9000
935.600                     3280.3000
936.100                     3215.2000
936.600                     3237.7000
937.100                     3262.3000
937.600                     3323.2000
938.100                     3223.6000
938.600                     3127.2000
939.100                     3197.4000
939.600                     3347.2000
940.100                     3262.7000
940.600                     3335.8000
941.100                     3332.2000
941.600                     3367.2000
942.100                     3328.8000
942.600                     3301.6000
943.100                     3341.1000
943.600                     3339.6000
944.100                     3263.3000
944.600                     3310.4000
945.100                     3314.6000
945.600                     3293.5000
946.100                     3303.8000
946.600                     3254.2000
947.100                     3207.3000
947.600                     3180.6000
948.100                     3259.8000
948.600                     3163.9000
949.100                     3160.0000
949.600                     3201.7000
950.100                     3133.7000
950.600                     3147.4000
951.100                     3094.0000
951.600                     3033.4000
952.100                     2989.7000
952.600                     2865.7000
953.100                     2923.1000
953.600                     2960.8000
954.100                     2948.2000
954.600                     2934.2000
955.100                     2903.7000
955.600                     2881.5000
956.100                     2944.5000
956.600                     2920.3000
957.100                     2885.9000
957.600                     2879.2000
958.100                     2905.5000
958.600                     2869.3000
959.100                     2893.5000
959.600                     2759.1000
960.100                     2730.3000
960.600                     2800.0000
961.100                     2723.0000
961.600                     2794.4000
962.100                     2909.4000
962.600                     3004.4000
963.100                     3187.8000
963.600                     3516.4000
964.100                     3949.6000
964.600                     4494.7000
965.100                     5280.6000
965.600                     6238.5000
966.100                     7157.3000
966.600                     7774.7000
967.100                     8032.7000
967.600                     7784.6000
968.100                     6723.5000
968.600                     5199.0000
969.100                     3791.4000
969.600                     2946.5000
970.100                     2486.1000
970.600                     2326.6000
971.100                     2248.9000
971.600                     2190.9000
972.100                     2242.4000
972.600                     2298.3000
973.100                     2244.2000
973.600                     2276.1000
974.100                     2409.4000
974.600                     2504.7000
975.100                     2611.1000
975.600                     2519.8000
976.100                     2609.6000
976.600                     2612.4000
977.100                     2507.6000
977.600                     2408.1000
978.100                     2304.4000
978.600                     2218.3000
979.100                     2188.1000
979.600                     2051.8000
980.100                     2018.6000
980.600                     1982.5000
981.100                     2031.7000
981.600                     2029.7000
982.100                     1998.6000
982.600                     2018.7000
983.100                     2125.5000
983.600                     2090.1000
984.100                     2112.2000
984.600                     2053.7000
985.100                     2059.7000
985.600                     2100.3000
986.100                     2148.6000
986.600                     2160.2000
987.100                     2111.0000
987.600                     2123.4000
988.100                     2168.3000
988.600                     2058.6000
989.100                     2053.3000
989.600                     2031.9000
990.100                     2022.0000
990.600                     1929.6000
991.100                     1951.9000
991.600                     1862.2000
992.100                     1841.9000
992.600                     1804.8000
993.100                     1762.1000
993.600                     1851.0000
994.100                     1823.4000
994.600                     1873.9000
995.100                     1856.9000
995.600                     1815.8000
996.100                     1832.3000
996.600                     1755.8000
997.100                     1885.4000
997.600                     1791.6000
998.100                     1846.4000
998.600                     1842.6000
999.100                     1833.1000
999.600                     1777.9000
1000.100                    1800.7000
1000.600                    1818.6000
1001.100                    1806.0000
1001.600                    1814.7000
1002.100                    1842.3000
1002.600                    1804.6000
1003.100                    1841.7000
1003.600                    1853.3000
1004.100                    1801.9000
1004.600                    1786.3000
1005.100                    1784.6000
1005.600                    1836.3000
1006.100                    1814.3000
1006.600                    1803.1000
1007.100                    1802.5000
1007.600                    1855.8000
1008.100                    1854.4000
1008.600                    1813.6000
1009.100                    1842.5000
1009.600                    1843.1000
1010.100                    1867.6000
1010.600                    1890.7000
1011.100                    1788.5000
1011.600                    1851.9000
1012.100                    1817.6000
1012.600                    1758.9000
1013.100                    1871.8000
1013.600                    1833.0000
1014.100                    1850.9000
1014.600                    1789.1000
1015.100                    1781.9000
1015.600                    1805.4000
1016.100                    1758.7000
1016.600                    1815.7000
1017.100                    1753.0000
1017.600                    1767.2000
1018.100                    1764.8000
1018.600                    1803.6000
1019.100                    1772.1000
1019.600                    1735.7000
1020.100                    1748.8000
1020.600                    1741.1000
1021.100                    1811.3000
1021.600                    1752.8000
1022.100                    1785.1000
1022.600                    1779.0000
1023.100                    1810.6000
1023.600                    1764.2000
1024.100                    1768.8000
1024.600                    1732.8000
1025.100                    1798.2000
1025.600                    1844.5000
1026.100                    1753.3000
1026.600                    1791.4000
1027.100                    1800.6000
1027.600                    1756.0000
1028.100                    1769.4000
1028.600                    1807.0000
1029.100                    1730.0000
1029.600                    1783.8000
1030.100                    1770.0000
1030.600                    1765.5000
1031.100                    1803.8000
1031.600                    1720.5000
1032.100                    1720.6000
1032.600                    1826.5000
1033.100                    1698.0000
1033.600                    1731.4000
1034.100                    1778.4000
1034.600                    1720.6000
1035.100                    1722.2000
1035.600                    1765.5000
1036.100                    1753.6000
1036.600                    1744.1000
1037.100                    1749.9000
1037.600                    1758.9000
1038.100                    1712.6000
1038.600                    1750.1000
1039.100                    1797.9000
1039.600                    1762.6000
1040.100                    1823.1000
1040.600                    1791.1000
1041.100                    1797.9000
1041.600                    1714.7000
1042.100                    1787.7000
1042.600                    1736.1000
1043.100                    1700.7000
1043.600                    1756.5000
1044.100                    1797.5000
1044.600                    1778.8000
1045.100                    1739.5000
1045.600                    1693.6000
1046.100                    1761.8000
1046.600                    1767.4000
1047.100                    1771.2000
1047.600                    1660.6000
1048.100                    1681.7000
1048.600                    1705.6000
1049.100                    1763.7000
1049.600                    1760.8000
1050.100                    1770.4000
1050.600                    1818.8000
1051.100                    1839.7000
1051.600                    1856.0000
1052.100                    1907.1000
1052.600                    1841.8000
1053.100                    1841.3000
1053.600                    1845.1000
1054.100                    1789.3000
1054.600                    1810.6000
1055.100                    1773.0000
1055.600                    1775.6000
1056.100                    1796.3000
1056.600                    1764.2000
1057.100                    1723.6000
1057.600                    1734.6000
1058.100                    1762.2000
1058.600                    1728.0000
1059.100                    1710.2000
1059.600                    1721.0000
1060.100                    1727.9000
1060.600                    1715.1000
1061.100                    1841.3000
1061.600                    1779.9000
1062.100                    1735.8000
1062.600                    1719.9000
1063.100                    1743.0000
1063.600                    1698.6000
1064.100                    1736.3000
1064.600                    1720.7000
1065.100                    1673.0000
1065.600                    1696.5000
1066.100                    1687.9000
1066.600                    1710.0000
1067.100                    1668.4000
1067.600                    1732.6000
1068.100                    1689.8000
1068.600                    1682.0000
1069.100                    1759.8000
1069.600                    1722.2000
1070.100                    1731.7000
1070.600                    1799.2000
1071.100                    1664.9000
1071.600                    1675.9000
1072.100                    1744.8000
1072.600                    1718.6000
1073.100                    1823.1000
1073.600                    1755.6000
1074.100                    1823.2000
1074.600                    1712.1000
1075.100                    1738.2000
1075.600                    1686.5000
1076.100                    1741.9000
1076.600                    1707.1000
1077.100                    1722.1000
1077.600                    1718.6000
1078.100                    1705.7000
1078.600                    1783.6000
1079.100                    1742.0000
1079.600                    1691.4000
1080.100                    1753.3000
1080.600                    1707.4000
1081.100                    1695.0000
1081.600                    1704.5000
1082.100                    1718.6000
1082.600                    1702.6000
1083.100                    1726.0000
1083.600                    1697.5000
1084.100                    1713.4000
1084.600                    1669.5000
1085.100                    1680.3000
1085.600                    1680.9000
1086.100                    1700.0000
1086.600                    1691.4000
1087.100                    1670.6000
1087.600                    1708.8000
1088.100                    1630.3000
1088.600                    1690.0000
1089.100                    1679.8000
1089.600                    1692.0000
1090.100                    1758.5000
1090.600                    1654.6000
1091.100                    1628.6000
1091.600                    1652.4000
1092.100                    1710.7000
1092.600                    1634.9000
1093.100                    1621.6000
1093.600                    1629.7000
1094.100                    1642.5000
1094.600                    1675.4000
1095.100                    1796.0000
1095.600                    1906.5000
1096.100                    1920.3000
1096.600                    1953.0000
1097.100                    2042.2000
1097.600                    2191.5000
1098.100                    2201.0000
1098.600                    2205.3000
1099.100                    2118.6000
1099.600                    2019.3000
1100.100                    1920.3000
1100.600                    1838.5000
1101.100                    1829.3000
1101.600                    1742.2000
1102.100                    1650.7000
1102.600                    1660.0000
1103.100                    1685.7000
1103.600                    1640.9000
1104.100                    1609.1000
1104.600                    1592.9000
1105.100                    1638.6000
1105.600                    1711.8000
1106.100                    1676.8000
1106.600                    1702.9000
1107.100                    1698.4000
1107.600                    1648.3000
1108.100                    1675.3000
1108.600                    1711.9000
1109.100                    1741.6000
1109.600                    1645.9000
1110.100                    1601.3000
1110.600                    1589.1000
1111.100                    1651.8000
1111.600                    1571.6000
1112.100                    1642.0000
1112.600                    1630.8000
1113.100                    1595.7000
1113.600                    1603.0000
1114.100                    1607.7000
1114.600                    1605.6000
1115.100                    1622.0000
1115.600                    1572.8000
1116.100                    1609.6000
1116.600                    1657.7000
1117.100                    1678.2000
1117.600                    1603.0000
1118.100                    1600.6000
1118.600                    1661.7000
1119.100                    1664.4000
1119.600                    1613.4000
1120.100                    1599.2000
1120.600                    1623.8000
1121.100                    1649.3000
1121.600                    1592.5000
1122.100                    1616.7000
1122.600                    1563.4000
1123.100                    1573.6000
1123.600                    1572.5000
1124.100                    1559.5000
1124.600                    1558.2000
1125.100                    1587.0000
1125.600                    1571.7000
1126.100                    1627.4000
1126.600                    1591.9000
1127.100                    1545.0000
1127.600                    1555.0000
1128.100                    1520.5000
1128.600                    1538.4000
1129.100                    1582.1000
1129.600                    1637.2000
1130.100                    1591.5000
1130.600                    1621.2000
1131.100                    1627.0000
1131.600                    1597.8000
1132.100                    1676.5000
1132.600                    1717.4000
1133.100                    1722.8000
1133.600                    1657.2000
1134.100                    1679.8000
1134.600                    1572.8000
1135.100                    1550.8000
1135.600                    1542.2000
1136.100                    1604.5000
1136.600                    1529.0000
1137.100                    1558.9000
1137.600                    1526.7000
1138.100                    1640.6000
1138.600                    1702.7000
1139.100                    1611.7000
1139.600                    1653.0000
1140.100                    1629.2000
1140.600                    1595.1000
1141.100                    1613.5000
1141.600                    1580.8000
1142.100                    1497.4000
1142.600                    1473.7000
1143.100                    1455.3000
1143.600                    1427.3000
1144.100                    1461.5000
1144.600                    1421.6000
1145.100                    1449.5000
1145.600                    1464.6000
1146.100                    1466.5000
1146.600                    1518.1000
1147.100                    1584.1000
1147.600                    1763.0000
1148.100                    1874.8000
1148.600                    1950.9000
1149.100                    2135.1000
1149.600                    2094.9000
1150.100                    1980.0000
1150.600                    1902.4000
1151.100                    1747.5000
1151.600                    1543.7000
1152.100                    1494.8000
1152.600                    1463.1000
1153.100                    1404.2000
1153.600                    1403.6000
1154.100                    1335.8000
1154.600                    1361.1000
1155.100                    1382.2000
1155.600                    1421.6000
1156.100                    1387.2000
1156.600                    1378.1000
1157.100                    1374.2000
1157.600                    1445.4000
1158.100                    1459.8000
1158.600                    1430.4000
1159.100                    1504.6000
1159.600                    1431.4000
1160.100                    1461.4000
1160.600                    1373.6000
1161.100                    1446.9000
1161.600                    1440.2000
1162.100                    1385.0000
1162.600                    1353.0000
1163.100                    1376.3000
1163.600                    1416.8000
1164.100                    1355.2000
1164.600                    1374.6000
1165.100                    1373.0000
1165.600                    1302.8000
1166.100                    1340.8000
1166.600                    1316.3000
1167.100                    1346.2000
1167.600                    1255.8000
1168.100                    1284.2000
1168.600                    1311.7000
1169.100                    1314.5000
1169.600                    1329.0000
1170.100                    1261.0000
1170.600                    1271.8000
1171.100                    1269.3000
1171.600                    1316.0000
1172.100                    1284.6000
1172.600                    1337.6000
1173.100                    1279.4000
1173.600                    1280.8000
1174.100                    1366.2000
1174.600                    1325.5000
1175.100                    1270.3000
1175.600                    1329.5000
1176.100                    1297.9000
1176.600                    1386.9000
1177.100                    1471.2000
1177.600                    1424.4000
1178.100                    1387.1000
1178.600                    1421.3000
1179.100                    1422.4000
1179.600                    1326.6000
1180.100                    1271.5000
1180.600                    1253.1000
1181.100                    1261.0000
1181.600                    1242.3000
1182.100                    1233.0000
1182.600                    1267.8000
1183.100                    1229.9000
1183.600                    1227.2000
1184.100                    1160.3000
1184.600                    1178.5000
1185.100                    1202.2000
1185.600                    1213.5000
1186.100                    1273.5000
1186.600                    1285.9000
1187.100                    1242.9000
1187.600                    1254.3000
1188.100                    1271.1000
1188.600                    1260.4000
1189.100                    1309.1000
1189.600                    1264.9000
1190.100                    1257.2000
1190.600                    1267.0000
1191.100                    1327.0000
1191.600                    1271.4000
1192.100                    1247.3000
1192.600                    1245.5000
1193.100                    1200.6000
1193.600                    1200.6000
1194.100                    1219.1000
1194.600                    1229.6000
1195.100                    1268.9000
1195.600                    1234.6000
1196.100                    1173.9000
1196.600                    1217.7000
1197.100                    1270.3000
1197.600                    1179.3000
1198.100                    1270.1000
1198.600                    1217.4000
1199.100                    1271.1000
1199.600                    1263.8000
1200.100                    1302.0000
1200.600                    1247.4000
1201.100                    1265.1000
1201.600                    1181.3000
1202.100                    1224.0000
1202.600                    1177.6000
1203.100                    1152.2000
1203.600                    1150.3000
1204.100                    1165.3000
1204.600                    1122.3000
1205.100                    1140.5000
1205.600                    1185.2000
1206.100                    1206.0000
1206.600                    1114.5000
1207.100                    1114.3000
1207.600                    1155.2000
1208.100                    1179.8000
1208.600                    1217.3000
1209.100                    1150.2000
1209.600                    1122.5000
1210.100                    1106.4000
1210.600                    1085.7000
1211.100                    1081.3000
1211.600                    1119.3000
1212.100                    1108.2000
1212.600                    1103.0000
1213.100                    1108.1000
1213.600                    1119.1000
1214.100                    1176.9000
1214.600                    1141.8000
1215.100                    1252.6000
1215.600                    1235.8000
1216.100                    1165.9000
1216.600                    1185.5000
1217.100                    1108.0000
1217.600                    1122.1000
1218.100                    1072.8000
1218.600                    1080.3000
1219.100                    1072.1000
1219.600                    1032.0000
1220.100                    1060.6000
1220.600                    1042.9000
1221.100                    1067.9000
1221.600                    1010.4000
1222.100                    1045.3000
1222.600                    1069.3000
1223.100                    1021.6000
1223.600                    1042.4000
1224.100                    1056.7000
1224.600                    1092.2000
1225.100                    1152.5000
1225.600                    1164.5000
1226.100                    1257.6000
1226.600                    1245.1000
1227.100                    1264.9000
1227.600                    1230.3000
1228.100                    1200.2000
1228.600                    1144.6000
1229.100                    1089.8000
1229.600                    1112.0000
1230.100                    1136.9000
1230.600                    1093.9000
1231.100                    1073.0000
1231.600                    1039.8000
1232.100                     998.8000
1232.600                    1004.0000
1233.100                     998.3000
1233.600                    1008.2000
1234.100                    1025.3000
1234.600                    1045.3000
1235.100                    1003.4000
1235.600                    1040.8000
1236.100                    1039.1000
1236.600                     975.4000
1237.100                     974.3000
1237.600                    1010.9000
1238.100                     974.8000
1238.600                     958.1000
1239.100                     994.4000
1239.600                     973.3000
1240.100                    1002.2000
1240.600                     972.3000
1241.100                     964.0000
1241.600                     966.1000
1242.100                     904.4000
1242.600                     920.8000
1243.100                     949.1000
1243.600                     885.7000
1244.100                     901.1000
1244.600                     872.1000
1245.100                     957.8000
1245.600                     913.1000
1246.100                     902.9000
1246.600                     881.5000
1247.100                     936.4000
1247.600                     860.7000
1248.100                     855.1000
1248.600                     831.9000
1249.100                     825.3000
1249.600                     853.1000
1250.100                     861.7000
1250.600                     831.6000
1251.100                     848.6000
1251.600                     851.6000
1252.100                     822.5000
1252.600                     790.2000
1253.100                     825.5000
1253.600                     801.2000
1254.100                     773.5000
1254.600                     786.9000
1255.100                     832.1000
1255.600                     749.2000
1256.100                     727.6000
1256.600                     742.5000
1257.100                     728.4000
1257.600                     748.4000
1258.100                     760.4000
1258.600                     782.2000
1259.100                     740.7000
1259.600                     742.9000
