# Transition                      wide 
# Notes                           
# Creation Comment                
# Energy Mode                     KE
# Start Energy in eV              149.6
# End Energy in eV                1259.6
# Energy Step in eV               0.5
# Number Of Sweeps                1
# Dwell Time per Sweep in s       0.3
# Analyser Mode                   CAE
# Pass Energy in eV/Retard Ratio  50
# Magnification                   high
# Divide Voltages By 10           off
# Excitation Source               Mg Ka 1253.6 eV normal
# Excitation Energy in eV         1253.6
# Analyser Workfunction in eV     4.5
# Entrance Slit                   6 x 12 mm
# Exit Slit                       5 x 11 mm
# 
# 
# Kinetic Energy in eV         Counts
# --------------------         ------
149.600                    16083.7000
150.100                    16000.4000
150.600                    16077.6000
151.100                    15933.3000
151.600                    15818.1000
152.100                    15930.1000
152.600                    16121.5000
153.100                    15853.9000
153.600                    15870.8000
154.100                    15824.6000
154.600                    16014.8000
155.100                    16076.3000
155.600                    15897.8000
156.100                    15990.5000
156.600                    15762.3000
157.100                    15919.1000
157.600                    15883.5000
158.100                    15952.1000
158.600                    15876.4000
159.100                    15658.4000
159.600                    15651.1000
160.100                    15825.0000
160.600                    15706.0000
161.100                    15670.1000
161.600                    15632.1000
162.100                    15802.0000
162.600                    15540.7000
163.100                    15582.7000
163.600                    15480.0000
164.100                    15442.3000
164.600                    15521.0000
165.100                    15586.6000
165.600                    15618.0000
166.100                    15518.2000
166.600                    15632.3000
167.100                    15449.0000
167.600                    15645.8000
168.100                    15667.6000
168.600                    15612.8000
169.100                    15490.2000
169.600                    15371.6000
170.100                    15457.8000
170.600                    15606.6000
171.100                    15327.2000
171.600                    15344.8000
172.100                    15472.2000
172.600                    15347.5000
173.100                    15475.6000
173.600                    15435.5000
174.100                    15447.3000
174.600                    15437.6000
175.100                    15436.6000
175.600                    15497.9000
176.100                    15470.2000
176.600                    15351.9000
177.100                    15367.1000
177.600                    15400.6000
178.100                    15376.1000
178.600                    15533.9000
179.100                    15438.1000
179.600                    15325.2000
180.100                    15199.7000
180.600                    15316.0000
181.100                    15518.5000
181.600                    15288.4000
182.100                    15244.2000
182.600                    15036.3000
183.100                    15308.7000
183.600                    15278.5000
184.100                    15168.9000
184.600                    15128.2000
185.100                    15249.8000
185.600                    15110.5000
186.100                    15178.3000
186.600                    15247.4000
187.100                    15072.8000
187.600                    15236.4000
188.100                    15283.8000
188.600                    14990.7000
189.100                    15174.7000
189.600                    15353.8000
190.100                    15112.0000
190.600                    15176.8000
191.100                    15061.0000
191.600                    15025.5000
192.100                    15051.2000
192.600                    15090.5000
193.100                    15359.8000
193.600                    15103.8000
194.100                    15073.5000
194.600                    15000.9000
195.100                    14952.4000
195.600                    15142.3000
196.100                    15231.4000
196.600                    15175.4000
197.100                    15043.1000
197.600                    15135.2000
198.100                    14893.5000
198.600                    14944.7000
199.100                    14859.3000
199.600                    14969.0000
200.100                    14969.7000
200.600                    14978.6000
201.100                    14954.1000
201.600                    14909.3000
202.100                    14839.4000
202.600                    15107.8000
203.100                    15131.2000
203.600                    14997.4000
204.100                    14920.5000
204.600                    14978.7000
205.100                    15068.4000
205.600                    15080.6000
206.100                    14981.3000
206.600                    14907.1000
207.100                    14835.3000
207.600                    15092.0000
208.100                    15002.8000
208.600                    14944.2000
209.100                    14965.6000
209.600                    14940.5000
210.100                    15031.7000
210.600                    14962.4000
211.100                    15074.7000
211.600                    15010.4000
212.100                    14918.4000
212.600                    14917.4000
213.100                    15082.1000
213.600                    14938.6000
214.100                    15102.2000
214.600                    15072.5000
215.100                    15352.5000
215.600                    15139.8000
216.100                    14911.0000
216.600                    14954.5000
217.100                    14971.3000
217.600                    14992.7000
218.100                    15126.3000
218.600                    15007.2000
219.100                    15033.7000
219.600                    14943.7000
220.100                    14879.0000
220.600                    14941.9000
221.100                    15046.4000
221.600                    15025.0000
222.100                    14830.3000
222.600                    14703.5000
223.100                    14780.3000
223.600                    14741.1000
224.100                    15041.0000
224.600                    14904.5000
225.100                    14829.8000
225.600                    14806.3000
226.100                    14721.7000
226.600                    14757.6000
227.100                    14720.8000
227.600                    14870.6000
228.100                    15033.5000
228.600                    14806.1000
229.100                    14911.6000
229.600                    14802.4000
230.100                    14866.6000
230.600                    14833.1000
231.100                    14856.7000
231.600                    14688.2000
232.100                    14793.6000
232.600                    14656.8000
233.100                    14920.3000
233.600                    15014.9000
234.100                    15145.0000
234.600                    15229.3000
235.100                    15380.9000
235.600                    15488.5000
236.100                    15740.0000
236.600                    15872.0000
237.100                    16012.4000
237.600                    15977.8000
238.100                    16258.2000
238.600                    16174.0000
239.100                    16127.3000
239.600                    15945.8000
240.100                    15477.0000
240.600                    15340.2000
241.100                    15258.1000
241.600                    15208.2000
242.100                    15086.3000
242.600                    14974.7000
243.100                    15084.5000
243.600                    15119.9000
244.100                    14981.4000
244.600                    15028.3000
245.100                    14954.7000
245.600                    14889.7000
246.100                    14995.7000
246.600                    14799.7000
247.100                    14750.1000
247.600                    14700.6000
248.100                    14832.5000
248.600                    14619.2000
249.100                    14456.3000
249.600                    14827.8000
250.100                    14607.3000
250.600                    14595.4000
251.100                    14753.3000
251.600                    14795.7000
252.100                    14939.8000
252.600                    14943.7000
253.100                    14914.5000
253.600                    15130.5000
254.100                    15124.2000
254.600                    15191.0000
255.100                    15339.2000
255.600                    15434.9000
256.100                    15524.2000
256.600                    15600.8000
257.100                    15640.1000
257.600                    15511.5000
258.100                    15413.0000
258.600                    15459.5000
259.100                    15390.7000
259.600                    15416.6000
260.100                    15274.0000
260.600                    15294.9000
261.100                    15174.0000
261.600                    15173.2000
262.100                    15061.9000
262.600                    14924.1000
263.100                    14745.0000
263.600                    14662.5000
264.100                    14276.4000
264.600                    14137.7000
265.100                    13980.9000
265.600                    13818.1000
266.100                    13537.0000
266.600                    13497.0000
267.100                    13213.3000
267.600                    12767.2000
268.100                    12744.1000
268.600                    12766.4000
269.100                    12634.2000
269.600                    12327.7000
270.100                    12195.9000
270.600                    11938.0000
271.100                    12080.4000
271.600                    11855.2000
272.100                    11733.2000
272.600                    11810.3000
273.100                    11720.4000
273.600                    11726.9000
274.100                    11840.4000
274.600                    11653.8000
275.100                    11520.8000
275.600                    11573.1000
276.100                    11545.4000
276.600                    11626.2000
277.100                    11686.6000
277.600                    11487.1000
278.100                    11449.0000
278.600                    11428.4000
279.100                    11330.5000
279.600                    11295.4000
280.100                    11531.8000
280.600                    11377.9000
281.100                    11187.4000
281.600                    11364.0000
282.100                    11400.8000
282.600                    11426.4000
283.100                    11468.5000
283.600                    11394.3000
284.100                    11278.8000
284.600                    11395.8000
285.100                    11393.3000
285.600                    11380.9000
286.100                    11266.5000
286.600                    11531.3000
287.100                    11265.4000
287.600                    11348.1000
288.100                    11466.2000
288.600                    11318.0000
289.100                    11261.2000
289.600                    11485.4000
290.100                    11468.5000
290.600                    11463.1000
291.100                    11338.1000
291.600                    11466.2000
292.100                    11501.0000
292.600                    11275.9000
293.100                    11147.2000
293.600                    11139.6000
294.100                    10967.6000
294.600                    11380.7000
295.100                    11080.0000
295.600                    11144.9000
296.100                    11322.7000
296.600                    11237.1000
297.100                    11188.1000
297.600                    11105.6000
298.100                    11128.8000
298.600                    11060.0000
299.100                    10944.6000
299.600                    11084.0000
300.100                    11131.7000
300.600                    10940.9000
301.100                    11080.2000
301.600                    11145.9000
302.100                    10995.1000
302.600                    11079.0000
303.100                    10994.1000
303.600                    11072.2000
304.100                    11023.3000
304.600                    11150.6000
305.100                    11241.2000
305.600                    11219.1000
306.100                    11139.7000
306.600                    11023.5000
307.100                    11181.0000
307.600                    11134.0000
308.100                    11108.8000
308.600                    11011.6000
309.100                    10970.8000
309.600                    10986.9000
310.100                    10921.0000
310.600                    10959.6000
311.100                    11023.8000
311.600                    11061.5000
312.100                    11133.4000
312.600                    10895.6000
313.100                    10999.3000
313.600                    10991.6000
314.100                    11006.0000
314.600                    11237.2000
315.100                    11136.0000
315.600                    11150.3000
316.100                    10912.8000
316.600                    11041.9000
317.100                    10942.8000
317.600                    10869.2000
318.100                    11014.0000
318.600                    10962.1000
319.100                    10931.9000
319.600                    11001.7000
320.100                    11010.6000
320.600                    10983.0000
321.100                    11039.9000
321.600                    10919.7000
322.100                    11086.2000
322.600                    11011.6000
323.100                    10905.2000
323.600                    10986.4000
324.100                    10973.2000
324.600                    10959.5000
325.100                    10928.9000
325.600                    10856.7000
326.100                    10866.6000
326.600                    10929.8000
327.100                    10968.3000
327.600                    11085.7000
328.100                    11049.5000
328.600                    10966.7000
329.100                    10937.7000
329.600                    10939.7000
330.100                    10904.6000
330.600                    10912.9000
331.100                    10983.8000
331.600                    10879.6000
332.100                    10888.1000
332.600                    10895.5000
333.100                    11053.5000
333.600                    10994.2000
334.100                    10893.1000
334.600                    10991.4000
335.100                    10983.5000
335.600                    10969.9000
336.100                    11031.0000
336.600                    10901.6000
337.100                    10791.0000
337.600                    10860.5000
338.100                    10925.1000
338.600                    11015.6000
339.100                    10834.5000
339.600                    10889.0000
340.100                    11029.8000
340.600                    10872.7000
341.100                    11031.5000
341.600                    11013.2000
342.100                    10960.5000
342.600                    11093.2000
343.100                    10983.8000
343.600                    10769.4000
344.100                    10889.5000
344.600                    11153.0000
345.100                    10982.2000
345.600                    10850.8000
346.100                    11042.7000
346.600                    10937.1000
347.100                    10812.6000
347.600                    10936.5000
348.100                    10880.7000
348.600                    10901.8000
349.100                    10724.3000
349.600                    10851.8000
350.100                    10941.6000
350.600                    10879.1000
351.100                    10745.9000
351.600                    10808.7000
352.100                    10978.7000
352.600                    10874.4000
353.100                    10819.8000
353.600                    10634.8000
354.100                    10778.7000
354.600                    10788.0000
355.100                    10905.4000
355.600                    10897.6000
356.100                    10997.0000
356.600                    10826.3000
357.100                    10867.5000
357.600                    10944.8000
358.100                    10796.9000
358.600                    10884.2000
359.100                    10732.7000
359.600                    10942.5000
360.100                    10914.3000
360.600                    10898.6000
361.100                    10937.4000
361.600                    10931.0000
362.100                    10879.4000
362.600                    10777.0000
363.100                    10890.1000
363.600                    10736.4000
364.100                    10857.8000
364.600                    10871.0000
365.100                    10938.5000
365.600                    10762.1000
366.100                    10688.8000
366.600                    10774.8000
367.100                    10890.3000
367.600                    10872.5000
368.100                    10653.3000
368.600                    10942.1000
369.100                    10999.5000
369.600                    10859.3000
370.100                    10930.8000
370.600                    10760.2000
371.100                    10816.3000
371.600                    10833.3000
372.100                    10953.6000
372.600                    10941.5000
373.100                    10910.1000
373.600                    10743.9000
374.100                    10658.2000
374.600                    10932.2000
375.100                    10869.0000
375.600                    10816.7000
376.100                    10802.3000
376.600                    10873.2000
377.100                    10783.8000
377.600                    10785.4000
378.100                    10800.6000
378.600                    10835.3000
379.100                    10947.0000
379.600                    10712.5000
380.100                    10688.2000
380.600                    10793.5000
381.100                    10896.2000
381.600                    11036.9000
382.100                    10878.7000
382.600                    10755.7000
383.100                    10768.8000
383.600                    10710.5000
384.100                    10745.5000
384.600                    10830.5000
385.100                    10825.9000
385.600                    10757.8000
386.100                    10616.2000
386.600                    10741.5000
387.100                    10672.1000
387.600                    10549.2000
388.100                    10633.3000
388.600                    10677.3000
389.100                    10604.6000
389.600                    10796.5000
390.100                    10725.5000
390.600                    10675.0000
391.100                    10477.1000
391.600                    10596.2000
392.100                    10707.0000
392.600                    10836.7000
393.100                    10670.9000
393.600                    10673.2000
394.100                    10781.2000
394.600                    10597.2000
395.100                    10565.8000
395.600                    10767.2000
396.100                    10750.5000
396.600                    10757.9000
397.100                    10674.2000
397.600                    10750.7000
398.100                    10661.0000
398.600                    10580.4000
399.100                    10567.6000
399.600                    10764.0000
400.100                    10695.9000
400.600                    10591.1000
401.100                    10648.7000
401.600                    10647.9000
402.100                    10770.1000
402.600                    10593.3000
403.100                    10760.6000
403.600                    10677.7000
404.100                    10792.6000
404.600                    10695.5000
405.100                    10771.0000
405.600                    10829.0000
406.100                    10827.7000
406.600                    10522.6000
407.100                    10755.7000
407.600                    10689.1000
408.100                    10539.5000
408.600                    10815.2000
409.100                    10822.3000
409.600                    10702.0000
410.100                    10766.8000
410.600                    10861.9000
411.100                    10749.7000
411.600                    10677.1000
412.100                    10646.8000
412.600                    10775.2000
413.100                    10705.2000
413.600                    10590.4000
414.100                    10596.9000
414.600                    10767.3000
415.100                    10775.3000
415.600                    10626.2000
416.100                    10744.5000
416.600                    10722.8000
417.100                    10671.5000
417.600                    10447.9000
418.100                    10750.4000
418.600                    10802.9000
419.100                    10745.3000
419.600                    10718.2000
420.100                    10856.9000
420.600                    10754.9000
421.100                    10735.9000
421.600                    10788.1000
422.100                    10597.8000
422.600                    10791.4000
423.100                    10769.5000
423.600                    10756.1000
424.100                    10618.9000
424.600                    10604.8000
425.100                    10676.6000
425.600                    10671.1000
426.100                    10649.8000
426.600                    10630.9000
427.100                    10756.2000
427.600                    10689.4000
428.100                    10809.4000
428.600                    10848.1000
429.100                    10744.6000
429.600                    10554.1000
430.100                    10751.5000
430.600                    10839.7000
431.100                    10663.5000
431.600                    10616.8000
432.100                    10726.4000
432.600                    10760.5000
433.100                    10721.6000
433.600                    10661.2000
434.100                    10502.8000
434.600                    10734.3000
435.100                    10686.8000
435.600                    10646.7000
436.100                    10618.2000
436.600                    10654.0000
437.100                    10730.1000
437.600                    10793.9000
438.100                    10631.4000
438.600                    10790.9000
439.100                    10796.5000
439.600                    10728.8000
440.100                    10920.8000
440.600                    10735.2000
441.100                    10599.5000
441.600                    10530.0000
442.100                    10565.0000
442.600                    10607.4000
443.100                    10750.2000
443.600                    10693.4000
444.100                    10443.8000
444.600                    10662.5000
445.100                    10694.3000
445.600                    10741.0000
446.100                    10795.8000
446.600                    10761.5000
447.100                    10620.3000
447.600                    10646.5000
448.100                    10661.3000
448.600                    10698.7000
449.100                    10653.0000
449.600                    10562.2000
450.100                    10790.0000
450.600                    10817.3000
451.100                    10711.6000
451.600                    10670.5000
452.100                    10902.7000
452.600                    10815.1000
453.100                    10795.8000
453.600                    10812.7000
454.100                    10896.4000
454.600                    10723.5000
455.100                    10718.8000
455.600                    10690.9000
456.100                    10791.0000
456.600                    10572.9000
457.100                    10597.3000
457.600                    10631.7000
458.100                    10850.0000
458.600                    10848.1000
459.100                    10737.0000
459.600                    10923.3000
460.100                    10680.3000
460.600                    10764.4000
461.100                    10811.7000
461.600                    10612.7000
462.100                    10647.8000
462.600                    10577.2000
463.100                    10607.4000
463.600                    10689.3000
464.100                    10591.7000
464.600                    10557.8000
465.100                    10673.1000
465.600                    10866.6000
466.100                    10708.5000
466.600                    10625.6000
467.100                    10807.7000
467.600                    10782.2000
468.100                    10600.3000
468.600                    10637.3000
469.100                    10654.6000
469.600                    10790.4000
470.100                    10707.0000
470.600                    10771.0000
471.100                    10827.2000
471.600                    10775.6000
472.100                    10621.4000
472.600                    10542.3000
473.100                    10443.6000
473.600                    10399.7000
474.100                    10452.1000
474.600                    10412.9000
475.100                    10333.1000
475.600                    10353.1000
476.100                    10475.1000
476.600                    10457.9000
477.100                    10434.1000
477.600                    10416.5000
478.100                    10487.2000
478.600                    10519.2000
479.100                    10383.9000
479.600                    10605.5000
480.100                    10469.0000
480.600                    10613.7000
481.100                    10726.3000
481.600                    10612.6000
482.100                    10538.9000
482.600                    10677.3000
483.100                    10587.7000
483.600                    10881.0000
484.100                    10820.6000
484.600                    10690.0000
485.100                    10766.3000
485.600                    10718.4000
486.100                    10678.1000
486.600                    10592.2000
487.100                    10593.5000
487.600                    10457.4000
488.100                    10408.3000
488.600                    10463.4000
489.100                    10213.5000
489.600                    10425.4000
490.100                    10248.2000
490.600                    10333.9000
491.100                    10193.9000
491.600                    10173.3000
492.100                    10269.0000
492.600                    10140.5000
493.100                     9988.7000
493.600                    10019.9000
494.100                     9915.5000
494.600                     9673.2000
495.100                     9716.8000
495.600                     9747.2000
496.100                     9599.6000
496.600                     9521.5000
497.100                     9644.5000
497.600                     9617.5000
498.100                     9639.6000
498.600                     9547.1000
499.100                     9550.8000
499.600                     9610.9000
500.100                     9675.3000
500.600                     9636.2000
501.100                     9816.8000
501.600                     9954.9000
502.100                    10113.9000
502.600                    10065.0000
503.100                    10203.1000
503.600                    10212.8000
504.100                    10368.4000
504.600                    10658.4000
505.100                    10772.2000
505.600                    10646.8000
506.100                    10608.9000
506.600                    10655.9000
507.100                    10495.7000
507.600                    10505.6000
508.100                    10177.4000
508.600                     9973.5000
509.100                     9942.6000
509.600                    10004.2000
510.100                     9906.8000
510.600                     9611.2000
511.100                     9558.8000
511.600                     9500.6000
512.100                     9320.2000
512.600                     9176.2000
513.100                     9161.3000
513.600                     9100.3000
514.100                     8894.6000
514.600                     8909.9000
515.100                     8652.9000
515.600                     8573.6000
516.100                     8375.1000
516.600                     8325.4000
517.100                     8208.8000
517.600                     8194.9000
518.100                     8152.9000
518.600                     8002.2000
519.100                     7901.3000
519.600                     8008.4000
520.100                     7936.4000
520.600                     7887.4000
521.100                     7803.8000
521.600                     7784.4000
522.100                     8040.9000
522.600                     7899.8000
523.100                     7880.5000
523.600                     7777.9000
524.100                     7742.7000
524.600                     7721.0000
525.100                     7797.3000
525.600                     7860.5000
526.100                     7679.6000
526.600                     7877.9000
527.100                     7831.5000
527.600                     7724.0000
528.100                     7710.3000
528.600                     7626.6000
529.100                     7769.3000
529.600                     7701.4000
530.100                     7685.0000
530.600                     7855.7000
531.100                     7705.4000
531.600                     7579.3000
532.100                     7759.1000
532.600                     7690.2000
533.100                     7540.0000
533.600                     7595.2000
534.100                     7529.0000
534.600                     7484.0000
535.100                     7615.6000
535.600                     7460.6000
536.100                     7585.1000
536.600                     7594.2000
537.100                     7619.7000
537.600                     7773.6000
538.100                     7879.4000
538.600                     7669.6000
539.100                     7590.4000
539.600                     7541.1000
540.100                     7602.0000
540.600                     7632.2000
541.100                     7766.0000
541.600                     7572.4000
542.100                     7595.9000
542.600                     7494.1000
543.100                     7468.9000
543.600                     7675.7000
544.100                     7602.2000
544.600                     7467.9000
545.100                     7504.8000
545.600                     7587.0000
546.100                     7491.9000
546.600                     7569.9000
547.100                     7542.0000
547.600                     7522.8000
548.100                     7530.5000
548.600                     7524.7000
549.100                     7377.5000
549.600                     7425.5000
550.100                     7328.9000
550.600                     7322.8000
551.100                     7461.2000
551.600                     7529.7000
552.100                     7421.7000
552.600                     7456.2000
553.100                     7380.2000
553.600                     7429.2000
554.100                     7381.4000
554.600                     7377.1000
555.100                     7418.8000
555.600                     7495.6000
556.100                     7432.2000
556.600                     7370.0000
557.100                     7362.2000
557.600                     7322.2000
558.100                     7513.4000
558.600                     7406.4000
559.100                     7331.7000
559.600                     7343.2000
560.100                     7320.0000
560.600                     7305.3000
561.100                     7250.4000
561.600                     7293.1000
562.100                     7514.5000
562.600                     7499.8000
563.100                     7378.0000
563.600                     7492.4000
564.100                     7301.6000
564.600                     7358.4000
565.100                     7451.9000
565.600                     7351.5000
566.100                     7334.4000
566.600                     7339.9000
567.100                     7373.3000
567.600                     7370.1000
568.100                     7286.0000
568.600                     7296.2000
569.100                     7174.8000
569.600                     7445.1000
570.100                     7355.5000
570.600                     7302.8000
571.100                     7431.9000
571.600                     7194.3000
572.100                     7247.5000
572.600                     7259.5000
573.100                     7364.5000
573.600                     7403.2000
574.100                     7235.5000
574.600                     7283.0000
575.100                     7255.8000
575.600                     7087.8000
576.100                     7273.4000
576.600                     7131.0000
577.100                     7193.7000
577.600                     7234.6000
578.100                     7232.8000
578.600                     7200.2000
579.100                     7124.3000
579.600                     7018.7000
580.100                     7198.7000
580.600                     7202.9000
581.100                     7155.3000
581.600                     7124.9000
582.100                     7132.9000
582.600                     7246.9000
583.100                     7151.3000
583.600                     7105.9000
584.100                     7292.3000
584.600                     7288.0000
585.100                     7342.0000
585.600                     7246.6000
586.100                     7332.5000
586.600                     7251.7000
587.100                     7301.5000
587.600                     7265.7000
588.100                     7208.2000
588.600                     7151.7000
589.100                     7139.7000
589.600                     7299.4000
590.100                     7262.1000
590.600                     7116.2000
591.100                     7122.8000
591.600                     7185.0000
592.100                     7114.7000
592.600                     7297.1000
593.100                     7174.0000
593.600                     7174.3000
594.100                     7186.2000
594.600                     7071.9000
595.100                     7130.8000
595.600                     7097.7000
596.100                     7042.5000
596.600                     7056.2000
597.100                     7132.4000
597.600                     6944.3000
598.100                     6843.1000
598.600                     7115.7000
599.100                     7088.0000
599.600                     7147.1000
600.100                     6990.5000
600.600                     7013.1000
601.100                     7092.1000
601.600                     7177.3000
602.100                     7111.5000
602.600                     6998.5000
603.100                     7084.9000
603.600                     7151.5000
604.100                     7008.5000
604.600                     6854.8000
605.100                     6929.3000
605.600                     6975.4000
606.100                     7088.0000
606.600                     7040.3000
607.100                     6899.9000
607.600                     6934.9000
608.100                     6941.4000
608.600                     6916.0000
609.100                     6880.2000
609.600                     6924.9000
610.100                     6953.5000
610.600                     7093.1000
611.100                     7038.2000
611.600                     6918.6000
612.100                     6936.6000
612.600                     6920.7000
613.100                     6871.8000
613.600                     6900.4000
614.100                     6913.2000
614.600                     6927.7000
615.100                     6965.4000
615.600                     6856.7000
616.100                     6889.1000
616.600                     6956.4000
617.100                     7051.2000
617.600                     6965.0000
618.100                     6899.7000
618.600                     7003.2000
619.100                     6935.4000
619.600                     6792.8000
620.100                     6872.1000
620.600                     6866.7000
621.100                     6853.2000
621.600                     6822.3000
622.100                     6773.5000
622.600                     6841.7000
623.100                     6847.5000
623.600                     6878.5000
624.100                     6921.6000
624.600                     6730.9000
625.100                     6891.7000
625.600                     6755.4000
626.100                     6782.3000
626.600                     6828.8000
627.100                     6881.7000
627.600                     6911.8000
628.100                     6829.6000
628.600                     6729.6000
629.100                     6808.8000
629.600                     6771.5000
630.100                     6772.4000
630.600                     6808.5000
631.100                     6841.2000
631.600                     6866.0000
632.100                     6973.5000
632.600                     6788.9000
633.100                     6804.8000
633.600                     6871.8000
634.100                     6884.1000
634.600                     6822.5000
635.100                     6728.6000
635.600                     6849.1000
636.100                     6677.4000
636.600                     6817.6000
637.100                     6749.6000
637.600                     6628.9000
638.100                     6802.7000
638.600                     6654.1000
639.100                     6649.3000
639.600                     6765.8000
640.100                     6888.3000
640.600                     6678.6000
641.100                     6596.6000
641.600                     6805.8000
642.100                     6873.3000
642.600                     6771.3000
643.100                     6690.3000
643.600                     6810.0000
644.100                     6741.7000
644.600                     6903.0000
645.100                     6812.2000
645.600                     6663.4000
646.100                     6769.1000
646.600                     6746.1000
647.100                     6658.8000
647.600                     6788.3000
648.100                     6653.2000
648.600                     6673.3000
649.100                     6697.6000
649.600                     6647.2000
650.100                     6535.3000
650.600                     6525.1000
651.100                     6688.6000
651.600                     6572.6000
652.100                     6598.2000
652.600                     6739.0000
653.100                     6625.3000
653.600                     6604.7000
654.100                     6623.9000
654.600                     6537.5000
655.100                     6588.6000
655.600                     6639.5000
656.100                     6575.8000
656.600                     6627.6000
657.100                     6524.4000
657.600                     6720.5000
658.100                     6563.6000
658.600                     6564.2000
659.100                     6553.7000
659.600                     6544.5000
660.100                     6421.9000
660.600                     6577.9000
661.100                     6668.3000
661.600                     6559.9000
662.100                     6584.6000
662.600                     6616.5000
663.100                     6500.1000
663.600                     6429.3000
664.100                     6515.7000
664.600                     6463.5000
665.100                     6442.9000
665.600                     6405.4000
666.100                     6562.7000
666.600                     6593.8000
667.100                     6451.7000
667.600                     6532.4000
668.100                     6384.1000
668.600                     6495.8000
669.100                     6354.7000
669.600                     6291.6000
670.100                     6311.9000
670.600                     6402.8000
671.100                     6523.1000
671.600                     6447.0000
672.100                     6398.0000
672.600                     6368.4000
673.100                     6605.0000
673.600                     6500.4000
674.100                     6465.1000
674.600                     6335.0000
675.100                     6424.0000
675.600                     6438.5000
676.100                     6418.1000
676.600                     6357.2000
677.100                     6513.5000
677.600                     6439.3000
678.100                     6394.2000
678.600                     6190.0000
679.100                     6256.5000
679.600                     6155.5000
680.100                     6323.5000
680.600                     6433.0000
681.100                     6217.0000
681.600                     6196.4000
682.100                     6175.0000
682.600                     6197.0000
683.100                     6271.3000
683.600                     6302.5000
684.100                     6158.8000
684.600                     6174.2000
685.100                     6321.4000
685.600                     6210.2000
686.100                     6159.9000
686.600                     6040.1000
687.100                     6050.1000
687.600                     6236.7000
688.100                     6115.4000
688.600                     6125.6000
689.100                     6091.0000
689.600                     5953.7000
690.100                     6126.0000
690.600                     6095.8000
691.100                     6092.3000
691.600                     6205.2000
692.100                     6199.1000
692.600                     6207.9000
693.100                     6312.3000
693.600                     6117.8000
694.100                     6246.9000
694.600                     6247.6000
695.100                     6262.7000
695.600                     6361.1000
696.100                     6345.4000
696.600                     6231.5000
697.100                     6336.4000
697.600                     6413.0000
698.100                     6295.7000
698.600                     6341.3000
699.100                     6277.3000
699.600                     6112.7000
700.100                     6279.5000
700.600                     6116.1000
701.100                     6053.1000
701.600                     6099.7000
702.100                     5979.8000
702.600                     5934.5000
703.100                     5981.9000
703.600                     5880.9000
704.100                     5834.3000
704.600                     5834.7000
705.100                     5742.9000
705.600                     5722.8000
706.100                     5564.5000
706.600                     5544.9000
707.100                     5448.9000
707.600                     5416.8000
708.100                     5256.0000
708.600                     5361.2000
709.100                     5146.3000
709.600                     4999.2000
710.100                     5069.4000
710.600                     4998.1000
711.100                     4941.7000
711.600                     4816.0000
712.100                     4885.3000
712.600                     4767.5000
713.100                     4639.6000
713.600                     4657.9000
714.100                     4589.2000
714.600                     4733.7000
715.100                     4781.1000
715.600                     4926.1000
716.100                     5126.0000
716.600                     5591.7000
717.100                     6251.1000
717.600                     6970.1000
718.100                     8035.1000
718.600                     8900.3000
719.100                     9871.0000
719.600                    10379.5000
720.100                    10309.7000
720.600                     9838.0000
721.100                     8646.0000
721.600                     7215.6000
722.100                     6235.2000
722.600                     5605.7000
723.100                     5257.7000
723.600                     4871.6000
724.100                     4588.6000
724.600                     4475.5000
725.100                     4411.7000
725.600                     4360.8000
726.100                     4478.2000
726.600                     4503.6000
727.100                     4478.5000
727.600                     4712.2000
728.100                     4807.5000
728.600                     4724.3000
729.100                     4686.7000
729.600                     4737.3000
730.100                     4604.5000
730.600                     4593.0000
731.100                     4428.4000
731.600                     4358.3000
732.100                     4224.4000
732.600                     4235.7000
733.100                     4201.0000
733.600                     4062.6000
734.100                     4027.8000
734.600                     4040.1000
735.100                     4059.4000
735.600                     4081.7000
736.100                     3979.2000
736.600                     3963.0000
737.100                     3998.7000
737.600                     4022.4000
738.100                     3982.8000
738.600                     4026.0000
739.100                     3940.2000
739.600                     3961.8000
740.100                     4027.0000
740.600                     3988.0000
741.100                     3915.7000
741.600                     3900.6000
742.100                     3951.5000
742.600                     3922.4000
743.100                     3960.5000
743.600                     4037.5000
744.100                     4001.2000
744.600                     3878.6000
745.100                     3907.8000
745.600                     3933.0000
746.100                     3991.8000
746.600                     3941.9000
747.100                     3910.7000
747.600                     3909.3000
748.100                     4033.5000
748.600                     3896.6000
749.100                     3902.3000
749.600                     3920.9000
750.100                     3979.0000
750.600                     3860.9000
751.100                     3759.7000
751.600                     3847.0000
752.100                     3912.1000
752.600                     3875.7000
753.100                     3945.1000
753.600                     3886.9000
754.100                     3782.5000
754.600                     3862.5000
755.100                     3906.4000
755.600                     3847.2000
756.100                     3856.7000
756.600                     3925.9000
757.100                     3819.7000
757.600                     3811.0000
758.100                     3771.3000
758.600                     3798.2000
759.100                     3727.8000
759.600                     3830.2000
760.100                     3742.7000
760.600                     3842.4000
761.100                     3861.9000
761.600                     3848.2000
762.100                     3805.0000
762.600                     3826.8000
763.100                     3937.6000
763.600                     3843.4000
764.100                     3871.7000
764.600                     3871.5000
765.100                     3896.7000
765.600                     3816.3000
766.100                     3816.6000
766.600                     3929.9000
767.100                     3829.8000
767.600                     3800.4000
768.100                     3851.0000
768.600                     3867.2000
769.100                     3887.3000
769.600                     3879.8000
770.100                     3791.0000
770.600                     3841.8000
771.100                     3734.3000
771.600                     3701.3000
772.100                     3624.8000
772.600                     3718.5000
773.100                     3772.1000
773.600                     3673.0000
774.100                     3784.0000
774.600                     3763.8000
775.100                     3707.1000
775.600                     3760.5000
776.100                     3649.0000
776.600                     3719.3000
777.100                     3816.8000
777.600                     3653.2000
778.100                     3644.4000
778.600                     3635.8000
779.100                     3724.5000
779.600                     3658.7000
780.100                     3706.5000
780.600                     3732.6000
781.100                     3696.2000
781.600                     3679.2000
782.100                     3674.4000
782.600                     3544.3000
783.100                     3719.7000
783.600                     3677.6000
784.100                     3597.9000
784.600                     3548.9000
785.100                     3648.6000
785.600                     3628.9000
786.100                     3659.2000
786.600                     3669.3000
787.100                     3728.6000
787.600                     3685.7000
788.100                     3670.6000
788.600                     3671.4000
789.100                     3644.3000
789.600                     3768.4000
790.100                     3681.5000
790.600                     3726.8000
791.100                     3690.4000
791.600                     3549.2000
792.100                     3601.9000
792.600                     3650.2000
793.100                     3710.1000
793.600                     3793.7000
794.100                     3796.1000
794.600                     3927.5000
795.100                     3853.3000
795.600                     3796.7000
796.100                     3652.5000
796.600                     3561.0000
797.100                     3535.5000
797.600                     3573.8000
798.100                     3620.9000
798.600                     3539.3000
799.100                     3441.1000
799.600                     3532.0000
800.100                     3479.0000
800.600                     3470.1000
801.100                     3320.7000
801.600                     3444.5000
802.100                     3509.9000
802.600                     3466.7000
803.100                     3478.9000
803.600                     3459.0000
804.100                     3549.1000
804.600                     3525.6000
805.100                     3475.6000
805.600                     3522.7000
806.100                     3460.0000
806.600                     3478.9000
807.100                     3541.9000
807.600                     3364.9000
808.100                     3450.6000
808.600                     3549.8000
809.100                     3582.8000
809.600                     3546.9000
810.100                     3625.5000
810.600                     3591.4000
811.100                     3508.1000
811.600                     3534.0000
812.100                     3568.3000
812.600                     3531.4000
813.100                     3620.8000
813.600                     3678.8000
814.100                     3551.6000
814.600                     3616.3000
815.100                     3570.2000
815.600                     3645.9000
816.100                     3549.8000
816.600                     3472.3000
817.100                     3484.6000
817.600                     3448.9000
818.100                     3510.7000
818.600                     3395.0000
819.100                     3349.5000
819.600                     3358.1000
820.100                     3369.2000
820.600                     3474.1000
821.100                     3443.1000
821.600                     3475.2000
822.100                     3504.2000
822.600                     3558.9000
823.100                     3534.5000
823.600                     3430.6000
824.100                     3461.2000
824.600                     3474.7000
825.100                     3451.4000
825.600                     3488.5000
826.100                     3406.6000
826.600                     3528.2000
827.100                     3499.1000
827.600                     3487.6000
828.100                     3414.5000
828.600                     3358.0000
829.100                     3487.4000
829.600                     3444.8000
830.100                     3424.5000
830.600                     3499.1000
831.100                     3406.8000
831.600                     3422.8000
832.100                     3395.3000
832.600                     3450.7000
833.100                     3460.3000
833.600                     3524.5000
834.100                     3394.2000
834.600                     3427.2000
835.100                     3442.0000
835.600                     3430.7000
836.100                     3429.3000
836.600                     3402.3000
837.100                     3458.0000
837.600                     3485.9000
838.100                     3370.1000
838.600                     3414.0000
839.100                     3391.2000
839.600                     3339.3000
840.100                     3373.4000
840.600                     3475.8000
841.100                     3428.7000
841.600                     3380.0000
842.100                     3479.1000
842.600                     3418.2000
843.100                     3415.0000
843.600                     3410.2000
844.100                     3432.7000
844.600                     3454.4000
845.100                     3447.4000
845.600                     3513.6000
846.100                     3397.6000
846.600                     3470.2000
847.100                     3405.7000
847.600                     3346.4000
848.100                     3338.1000
848.600                     3419.7000
849.100                     3390.4000
849.600                     3448.2000
850.100                     3531.0000
850.600                     3458.3000
851.100                     3551.6000
851.600                     3599.4000
852.100                     3571.4000
852.600                     3623.0000
853.100                     3454.3000
853.600                     3385.1000
854.100                     3470.3000
854.600                     3430.1000
855.100                     3510.4000
855.600                     3364.5000
856.100                     3328.7000
856.600                     3336.9000
857.100                     3401.0000
857.600                     3413.6000
858.100                     3428.8000
858.600                     3342.6000
859.100                     3376.1000
859.600                     3353.4000
860.100                     3438.0000
860.600                     3314.3000
861.100                     3393.2000
861.600                     3437.1000
862.100                     3401.9000
862.600                     3329.6000
863.100                     3342.9000
863.600                     3308.2000
864.100                     3371.3000
864.600                     3354.4000
865.100                     3269.0000
865.600                     3353.6000
866.100                     3337.6000
866.600                     3404.1000
867.100                     3363.5000
867.600                     3336.6000
868.100                     3358.1000
868.600                     3455.7000
869.100                     3392.8000
869.600                     3403.3000
870.100                     3413.6000
870.600                     3373.0000
871.100                     3467.2000
871.600                     3411.9000
872.100                     3416.3000
872.600                     3373.7000
873.100                     3335.8000
873.600                     3456.9000
874.100                     3526.3000
874.600                     3448.4000
875.100                     3401.2000
875.600                     3475.3000
876.100                     3331.2000
876.600                     3390.1000
877.100                     3425.2000
877.600                     3400.8000
878.100                     3355.7000
878.600                     3404.0000
879.100                     3440.9000
879.600                     3430.1000
880.100                     3484.0000
880.600                     3504.1000
881.100                     3401.9000
881.600                     3468.3000
882.100                     3429.8000
882.600                     3457.1000
883.100                     3490.3000
883.600                     3519.7000
884.100                     3501.2000
884.600                     3432.2000
885.100                     3440.9000
885.600                     3396.9000
886.100                     3393.9000
886.600                     3485.9000
887.100                     3485.2000
887.600                     3396.6000
888.100                     3472.9000
888.600                     3510.4000
889.100                     3380.7000
889.600                     3398.8000
890.100                     3440.3000
890.600                     3380.7000
891.100                     3332.8000
891.600                     3397.3000
892.100                     3367.7000
892.600                     3327.0000
893.100                     3421.4000
893.600                     3495.4000
894.100                     3396.9000
894.600                     3339.1000
895.100                     3331.0000
895.600                     3407.8000
896.100                     3389.8000
896.600                     3405.3000
897.100                     3400.3000
897.600                     3475.1000
898.100                     3425.4000
898.600                     3550.9000
899.100                     3569.3000
899.600                     3578.3000
900.100                     3641.4000
900.600                     3706.7000
901.100                     3703.7000
901.600                     3741.8000
902.100                     3712.9000
902.600                     3743.2000
903.100                     3857.4000
903.600                     3857.9000
904.100                     3869.0000
904.600                     3889.3000
905.100                     3858.0000
905.600                     3669.7000
906.100                     3496.8000
906.600                     3498.0000
907.100                     3453.8000
907.600                     3433.0000
908.100                     3417.1000
908.600                     3406.3000
909.100                     3416.1000
909.600                     3448.8000
910.100                     3438.2000
910.600                     3506.1000
911.100                     3358.5000
911.600                     3320.2000
912.100                     3412.9000
912.600                     3430.3000
913.100                     3411.9000
913.600                     3360.6000
914.100                     3353.0000
914.600                     3408.2000
915.100                     3339.5000
915.600                     3346.6000
916.100                     3372.3000
916.600                     3325.2000
917.100                     3366.7000
917.600                     3405.2000
918.100                     3362.6000
918.600                     3413.1000
919.100                     3353.4000
919.600                     3381.9000
920.100                     3327.5000
920.600                     3391.5000
921.100                     3415.7000
921.600                     3344.6000
922.100                     3300.3000
922.600                     3373.8000
923.100                     3432.4000
923.600                     3396.0000
924.100                     3346.9000
924.600                     3330.5000
925.100                     3391.1000
925.600                     3419.9000
926.100                     3404.8000
926.600                     3431.1000
927.100                     3396.1000
927.600                     3418.6000
928.100                     3307.1000
928.600                     3342.4000
929.100                     3376.0000
929.600                     3347.0000
930.100                     3251.3000
930.600                     3344.8000
931.100                     3321.1000
931.600                     3258.3000
932.100                     3414.1000
932.600                     3378.8000
933.100                     3369.5000
933.600                     3382.3000
934.100                     3410.7000
934.600                     3264.2000
935.100                     3328.7000
935.600                     3344.9000
936.100                     3335.4000
936.600                     3377.6000
937.100                     3215.5000
937.600                     3316.2000
938.100                     3326.6000
938.600                     3358.4000
939.100                     3329.8000
939.600                     3344.1000
940.100                     3335.0000
940.600                     3310.8000
941.100                     3312.2000
941.600                     3392.7000
942.100                     3335.9000
942.600                     3306.6000
943.100                     3360.1000
943.600                     3343.7000
944.100                     3346.5000
944.600                     3308.5000
945.100                     3303.6000
945.600                     3310.5000
946.100                     3289.3000
946.600                     3358.4000
947.100                     3299.4000
947.600                     3238.9000
948.100                     3331.0000
948.600                     3368.5000
949.100                     3293.2000
949.600                     3231.8000
950.100                     3211.4000
950.600                     3105.6000
951.100                     3012.7000
951.600                     2924.4000
952.100                     2922.4000
952.600                     2918.5000
953.100                     2894.8000
953.600                     2831.0000
954.100                     2767.7000
954.600                     2705.6000
955.100                     2599.1000
955.600                     2608.1000
956.100                     2533.2000
956.600                     2549.9000
957.100                     2470.6000
957.600                     2432.3000
958.100                     2380.8000
958.600                     2421.7000
959.100                     2424.7000
959.600                     2307.2000
960.100                     2313.5000
960.600                     2299.7000
961.100                     2457.3000
961.600                     2533.2000
962.100                     2795.8000
962.600                     2960.9000
963.100                     3256.2000
963.600                     3685.4000
964.100                     4381.1000
964.600                     5187.2000
965.100                     6125.5000
965.600                     6994.1000
966.100                     7847.9000
966.600                     8250.4000
967.100                     8141.1000
967.600                     7162.6000
968.100                     5662.1000
968.600                     4184.2000
969.100                     3018.4000
969.600                     2386.4000
970.100                     2148.9000
970.600                     2121.3000
971.100                     2100.6000
971.600                     2072.5000
972.100                     2138.2000
972.600                     2059.7000
973.100                     2206.7000
973.600                     2244.0000
974.100                     2330.0000
974.600                     2364.1000
975.100                     2376.6000
975.600                     2385.8000
976.100                     2388.2000
976.600                     2319.9000
977.100                     2288.4000
977.600                     2073.9000
978.100                     1988.9000
978.600                     1875.7000
979.100                     1822.2000
979.600                     1869.6000
980.100                     1851.3000
980.600                     1712.3000
981.100                     1756.9000
981.600                     1873.7000
982.100                     1809.1000
982.600                     1778.6000
983.100                     1827.7000
983.600                     1800.4000
984.100                     1854.5000
984.600                     1812.7000
985.100                     1826.8000
985.600                     1867.8000
986.100                     1866.4000
986.600                     1857.4000
987.100                     1865.2000
987.600                     1848.9000
988.100                     1906.6000
988.600                     1886.5000
989.100                     1744.1000
989.600                     1777.2000
990.100                     1744.9000
990.600                     1746.8000
991.100                     1700.0000
991.600                     1703.8000
992.100                     1697.0000
992.600                     1728.2000
993.100                     1615.9000
993.600                     1590.2000
994.100                     1591.4000
994.600                     1672.3000
995.100                     1690.1000
995.600                     1638.9000
996.100                     1736.2000
996.600                     1691.1000
997.100                     1611.9000
997.600                     1636.2000
998.100                     1663.8000
998.600                     1679.6000
999.100                     1616.3000
999.600                     1638.0000
1000.100                    1638.7000
1000.600                    1564.6000
1001.100                    1615.5000
1001.600                    1621.0000
1002.100                    1690.6000
1002.600                    1604.4000
1003.100                    1561.8000
1003.600                    1616.8000
1004.100                    1652.0000
1004.600                    1605.1000
1005.100                    1593.7000
1005.600                    1655.8000
1006.100                    1692.1000
1006.600                    1621.6000
1007.100                    1584.0000
1007.600                    1631.9000
1008.100                    1620.2000
1008.600                    1658.0000
1009.100                    1674.6000
1009.600                    1659.8000
1010.100                    1624.4000
1010.600                    1710.9000
1011.100                    1632.7000
1011.600                    1657.0000
1012.100                    1648.6000
1012.600                    1666.2000
1013.100                    1660.2000
1013.600                    1649.6000
1014.100                    1581.1000
1014.600                    1614.9000
1015.100                    1597.9000
1015.600                    1605.2000
1016.100                    1645.5000
1016.600                    1624.5000
1017.100                    1642.1000
1017.600                    1634.0000
1018.100                    1616.6000
1018.600                    1570.5000
1019.100                    1655.4000
1019.600                    1566.5000
1020.100                    1596.7000
1020.600                    1596.9000
1021.100                    1534.9000
1021.600                    1563.7000
1022.100                    1562.4000
1022.600                    1568.9000
1023.100                    1540.1000
1023.600                    1604.0000
1024.100                    1523.3000
1024.600                    1465.0000
1025.100                    1561.7000
1025.600                    1537.4000
1026.100                    1526.2000
1026.600                    1568.8000
1027.100                    1585.9000
1027.600                    1578.1000
1028.100                    1605.8000
1028.600                    1588.5000
1029.100                    1633.8000
1029.600                    1567.8000
1030.100                    1584.7000
1030.600                    1602.0000
1031.100                    1643.1000
1031.600                    1542.3000
1032.100                    1534.2000
1032.600                    1567.6000
1033.100                    1514.3000
1033.600                    1530.6000
1034.100                    1530.5000
1034.600                    1565.2000
1035.100                    1516.2000
1035.600                    1545.2000
1036.100                    1553.1000
1036.600                    1573.1000
1037.100                    1548.7000
1037.600                    1571.7000
1038.100                    1541.3000
1038.600                    1566.8000
1039.100                    1592.5000
1039.600                    1517.3000
1040.100                    1580.3000
1040.600                    1609.3000
1041.100                    1527.5000
1041.600                    1528.6000
1042.100                    1549.5000
1042.600                    1490.9000
1043.100                    1531.2000
1043.600                    1551.4000
1044.100                    1543.0000
1044.600                    1547.9000
1045.100                    1584.9000
1045.600                    1492.4000
1046.100                    1561.6000
1046.600                    1553.7000
1047.100                    1521.1000
1047.600                    1537.0000
1048.100                    1583.0000
1048.600                    1549.7000
1049.100                    1523.6000
1049.600                    1568.8000
1050.100                    1567.2000
1050.600                    1491.2000
1051.100                    1521.1000
1051.600                    1539.6000
1052.100                    1605.2000
1052.600                    1593.3000
1053.100                    1589.9000
1053.600                    1603.7000
1054.100                    1537.1000
1054.600                    1567.8000
1055.100                    1560.3000
1055.600                    1524.2000
1056.100                    1548.2000
1056.600                    1478.7000
1057.100                    1495.2000
1057.600                    1562.3000
1058.100                    1479.5000
1058.600                    1531.9000
1059.100                    1523.5000
1059.600                    1511.1000
1060.100                    1537.1000
1060.600                    1596.4000
1061.100                    1525.8000
1061.600                    1478.7000
1062.100                    1524.4000
1062.600                    1557.1000
1063.100                    1529.9000
1063.600                    1567.7000
1064.100                    1520.2000
1064.600                    1538.1000
1065.100                    1531.6000
1065.600                    1571.1000
1066.100                    1508.1000
1066.600                    1457.0000
1067.100                    1525.9000
1067.600                    1506.0000
1068.100                    1527.8000
1068.600                    1475.2000
1069.100                    1573.5000
1069.600                    1561.2000
1070.100                    1455.7000
1070.600                    1532.6000
1071.100                    1559.4000
1071.600                    1539.4000
1072.100                    1517.5000
1072.600                    1554.8000
1073.100                    1573.1000
1073.600                    1585.9000
1074.100                    1520.0000
1074.600                    1498.8000
1075.100                    1539.1000
1075.600                    1540.3000
1076.100                    1486.1000
1076.600                    1463.1000
1077.100                    1557.0000
1077.600                    1534.1000
1078.100                    1509.9000
1078.600                    1538.2000
1079.100                    1542.9000
1079.600                    1543.5000
1080.100                    1531.0000
1080.600                    1559.2000
1081.100                    1571.4000
1081.600                    1624.3000
1082.100                    1584.7000
1082.600                    1590.1000
1083.100                    1588.9000
1083.600                    1571.3000
1084.100                    1564.9000
1084.600                    1517.0000
1085.100                    1526.4000
1085.600                    1488.9000
1086.100                    1548.7000
1086.600                    1503.0000
1087.100                    1441.5000
1087.600                    1533.1000
1088.100                    1501.4000
1088.600                    1467.5000
1089.100                    1439.1000
1089.600                    1512.3000
1090.100                    1453.1000
1090.600                    1449.3000
1091.100                    1446.1000
1091.600                    1512.3000
1092.100                    1516.3000
1092.600                    1483.0000
1093.100                    1452.0000
1093.600                    1484.2000
1094.100                    1509.5000
1094.600                    1541.8000
1095.100                    1615.7000
1095.600                    1580.5000
1096.100                    1703.0000
1096.600                    1765.3000
1097.100                    1902.8000
1097.600                    1916.0000
1098.100                    1938.1000
1098.600                    1948.4000
1099.100                    1888.8000
1099.600                    1799.0000
1100.100                    1730.5000
1100.600                    1656.3000
1101.100                    1546.7000
1101.600                    1573.5000
1102.100                    1461.8000
1102.600                    1494.1000
1103.100                    1484.8000
1103.600                    1428.4000
1104.100                    1415.8000
1104.600                    1426.5000
1105.100                    1489.5000
1105.600                    1444.0000
1106.100                    1419.2000
1106.600                    1406.6000
1107.100                    1482.8000
1107.600                    1492.5000
1108.100                    1563.0000
1108.600                    1505.7000
1109.100                    1407.0000
1109.600                    1426.3000
1110.100                    1429.2000
1110.600                    1445.8000
1111.100                    1425.0000
1111.600                    1417.9000
1112.100                    1395.9000
1112.600                    1362.5000
1113.100                    1452.7000
1113.600                    1429.9000
1114.100                    1376.2000
1114.600                    1459.9000
1115.100                    1388.2000
1115.600                    1410.2000
1116.100                    1377.6000
1116.600                    1356.1000
1117.100                    1411.2000
1117.600                    1444.0000
1118.100                    1456.1000
1118.600                    1424.1000
1119.100                    1417.9000
1119.600                    1445.1000
1120.100                    1455.1000
1120.600                    1411.3000
1121.100                    1393.6000
1121.600                    1392.2000
1122.100                    1428.4000
1122.600                    1367.1000
1123.100                    1391.9000
1123.600                    1398.1000
1124.100                    1416.1000
1124.600                    1394.2000
1125.100                    1378.6000
1125.600                    1383.6000
1126.100                    1395.4000
1126.600                    1375.9000
1127.100                    1351.8000
1127.600                    1370.8000
1128.100                    1402.4000
1128.600                    1393.5000
1129.100                    1378.9000
1129.600                    1413.8000
1130.100                    1336.1000
1130.600                    1392.6000
1131.100                    1381.7000
1131.600                    1357.8000
1132.100                    1437.4000
1132.600                    1450.5000
1133.100                    1428.8000
1133.600                    1416.5000
1134.100                    1395.1000
1134.600                    1362.5000
1135.100                    1368.4000
1135.600                    1391.6000
1136.100                    1383.2000
1136.600                    1363.8000
1137.100                    1404.7000
1137.600                    1436.1000
1138.100                    1406.8000
1138.600                    1461.5000
1139.100                    1465.1000
1139.600                    1410.9000
1140.100                    1393.0000
1140.600                    1410.5000
1141.100                    1401.1000
1141.600                    1346.9000
1142.100                    1350.2000
1142.600                    1292.0000
1143.100                    1290.3000
1143.600                    1246.2000
1144.100                    1288.7000
1144.600                    1260.0000
1145.100                    1294.4000
1145.600                    1311.1000
1146.100                    1364.4000
1146.600                    1342.6000
1147.100                    1466.8000
1147.600                    1514.0000
1148.100                    1623.6000
1148.600                    1759.5000
1149.100                    1853.6000
1149.600                    1867.6000
1150.100                    1816.4000
1150.600                    1713.8000
1151.100                    1473.0000
1151.600                    1367.5000
1152.100                    1281.9000
1152.600                    1235.2000
1153.100                    1172.2000
1153.600                    1205.5000
1154.100                    1233.3000
1154.600                    1249.7000
1155.100                    1257.1000
1155.600                    1271.0000
1156.100                    1205.2000
1156.600                    1162.3000
1157.100                    1236.0000
1157.600                    1251.5000
1158.100                    1228.7000
1158.600                    1227.1000
1159.100                    1229.4000
1159.600                    1250.8000
1160.100                    1301.5000
1160.600                    1267.4000
1161.100                    1252.0000
1161.600                    1236.0000
1162.100                    1261.8000
1162.600                    1215.7000
1163.100                    1227.1000
1163.600                    1199.4000
1164.100                    1192.4000
1164.600                    1208.2000
1165.100                    1155.2000
1165.600                    1209.9000
1166.100                    1107.1000
1166.600                    1133.5000
1167.100                    1175.8000
1167.600                    1182.0000
1168.100                    1145.2000
1168.600                    1166.4000
1169.100                    1106.4000
1169.600                    1112.8000
1170.100                    1145.1000
1170.600                    1083.6000
1171.100                    1138.0000
1171.600                    1125.7000
1172.100                    1145.0000
1172.600                    1071.8000
1173.100                    1109.1000
1173.600                    1149.9000
1174.100                    1110.8000
1174.600                    1135.2000
1175.100                    1136.3000
1175.600                    1185.2000
1176.100                    1202.3000
1176.600                    1183.0000
1177.100                    1189.0000
1177.600                    1227.9000
1178.100                    1160.4000
1178.600                    1146.2000
1179.100                    1166.2000
1179.600                    1123.4000
1180.100                    1117.7000
1180.600                    1146.4000
1181.100                    1074.9000
1181.600                    1088.1000
1182.100                    1105.9000
1182.600                    1082.9000
1183.100                    1081.7000
1183.600                    1074.5000
1184.100                    1094.7000
1184.600                    1088.3000
1185.100                    1063.8000
1185.600                    1072.0000
1186.100                    1104.5000
1186.600                    1072.7000
1187.100                    1080.0000
1187.600                    1113.5000
1188.100                    1082.2000
1188.600                    1071.6000
1189.100                    1065.7000
1189.600                    1112.7000
1190.100                    1108.9000
1190.600                    1059.8000
1191.100                    1054.9000
1191.600                    1090.9000
1192.100                    1069.7000
1192.600                    1036.1000
1193.100                    1050.5000
1193.600                    1071.3000
1194.100                    1065.1000
1194.600                    1063.4000
1195.100                    1109.2000
1195.600                    1100.4000
1196.100                    1115.0000
1196.600                    1071.9000
1197.100                    1070.6000
1197.600                    1072.6000
1198.100                    1070.0000
1198.600                    1067.1000
1199.100                    1032.8000
1199.600                    1092.1000
1200.100                    1061.5000
1200.600                    1015.9000
1201.100                    1072.4000
1201.600                    1096.2000
1202.100                    1065.1000
1202.600                    1042.9000
1203.100                    1019.8000
1203.600                    1030.6000
1204.100                    1013.2000
1204.600                    1008.0000
1205.100                    1003.6000
1205.600                     975.5000
1206.100                    1017.4000
1206.600                    1023.3000
1207.100                    1003.6000
1207.600                    1017.3000
1208.100                    1030.6000
1208.600                     980.1000
1209.100                     986.5000
1209.600                    1015.2000
1210.100                    1006.5000
1210.600                     962.7000
1211.100                     952.3000
1211.600                     979.5000
1212.100                     980.3000
1212.600                     983.1000
1213.100                    1023.7000
1213.600                     960.4000
1214.100                     932.2000
1214.600                     971.2000
1215.100                     956.8000
1215.600                     957.5000
1216.100                    1002.2000
1216.600                    1006.7000
1217.100                     944.5000
1217.600                     918.3000
1218.100                     948.1000
1218.600                     941.5000
1219.100                     935.5000
1219.600                     949.2000
1220.100                     955.8000
1220.600                     881.5000
1221.100                     880.8000
1221.600                     965.0000
1222.100                     937.4000
1222.600                     929.4000
1223.100                     903.6000
1223.600                     973.5000
1224.100                    1027.2000
1224.600                    1030.1000
1225.100                    1015.4000
1225.600                    1063.4000
1226.100                    1056.8000
1226.600                    1039.0000
1227.100                    1085.8000
1227.600                    1016.6000
1228.100                    1025.8000
1228.600                    1008.8000
1229.100                     943.9000
1229.600                     971.4000
1230.100                     928.5000
1230.600                     928.3000
1231.100                     944.7000
1231.600                     904.7000
1232.100                     902.3000
1232.600                     898.5000
1233.100                     922.2000
1233.600                     909.3000
1234.100                     969.0000
1234.600                     913.0000
1235.100                     938.2000
1235.600                     920.1000
1236.100                     857.0000
1236.600                     930.4000
1237.100                     946.1000
1237.600                     909.5000
1238.100                     852.1000
1238.600                     840.4000
1239.100                     845.3000
1239.600                     847.8000
1240.100                     828.4000
1240.600                     849.1000
1241.100                     834.2000
1241.600                     862.7000
1242.100                     876.4000
1242.600                     860.9000
1243.100                     837.3000
1243.600                     847.9000
1244.100                     816.3000
1244.600                     875.6000
1245.100                     896.1000
1245.600                     865.3000
1246.100                     841.2000
1246.600                     825.7000
1247.100                     821.2000
1247.600                     803.7000
1248.100                     810.5000
1248.600                     800.1000
1249.100                     795.3000
1249.600                     792.1000
1250.100                     764.4000
1250.600                     741.8000
1251.100                     716.3000
1251.600                     747.6000
1252.100                     725.9000
1252.600                     731.1000
1253.100                     719.7000
1253.600                     688.3000
1254.100                     741.0000
1254.600                     744.4000
1255.100                     719.1000
1255.600                     720.3000
1256.100                     751.7000
1256.600                     759.7000
1257.100                     735.2000
1257.600                     744.3000
1258.100                     678.7000
1258.600                     728.4000
1259.100                     725.5000
1259.600                     709.2000
