# Transition                      Ca 2p
# Notes                           
# Creation Comment                
# Energy Mode                     KE
# Start Energy in eV              883.6
# End Energy in eV                908.6
# Energy Step in eV               0.1
# Number Of Sweeps                35
# Dwell Time per Sweep in s       0.3
# Analyser Mode                   CAE
# Pass Energy in eV/Retard Ratio  25
# Magnification                   high
# Divide Voltages By 10           off
# Excitation Source               Mg Ka 1253.6 eV normal
# Excitation Energy in eV         1253.6
# Analyser Workfunction in eV     4.5
# Entrance Slit                   6 x 12 mm
# Exit Slit                       5 x 11 mm
# 
# 
# Kinetic Energy in eV         Counts
# --------------------         ------
883.600                    16315.2500
883.700                    16452.5000
883.800                    16360.0000
883.900                    16473.7500
884.000                    16354.2500
884.100                    16427.7500
884.200                    16355.0000
884.300                    16298.0000
884.400                    16374.5000
884.500                    16316.0000
884.600                    16454.0000
884.700                    16236.5000
884.800                    16361.7500
884.900                    16492.2500
885.000                    16419.0000
885.100                    16240.7500
885.200                    16347.0000
885.300                    16520.0000
885.400                    16349.5000
885.500                    16449.2500
885.600                    16161.5000
885.700                    16107.2500
885.800                    16198.5000
885.900                    16338.2500
886.000                    16118.5000
886.100                    16127.7500
886.200                    16250.5000
886.300                    16496.5000
886.400                    16306.5000
886.500                    16263.0000
886.600                    16379.0000
886.700                    16300.7500
886.800                    16164.2500
886.900                    16191.5000
887.000                    16249.2500
887.100                    16169.2500
887.200                    16450.5000
887.300                    16606.5000
887.400                    16367.5000
887.500                    16356.2500
887.600                    16182.5000
887.700                    16204.7500
887.800                    16123.7500
887.900                    16103.2500
888.000                    16330.0000
888.100                    16339.0000
888.200                    16238.2500
888.300                    16160.0000
888.400                    16281.7500
888.500                    16105.2500
888.600                    16204.5000
888.700                    16383.5000
888.800                    16230.7500
888.900                    16294.0000
889.000                    16368.0000
889.100                    16282.5000
889.200                    16159.5000
889.300                    16355.5000
889.400                    16249.5000
889.500                    16154.7500
889.600                    16195.0000
889.700                    16142.2500
889.800                    16117.7500
889.900                    16166.5000
890.000                    16044.5000
890.100                    16454.7500
890.200                    16291.7500
890.300                    16272.5000
890.400                    16190.0000
890.500                    15996.0000
890.600                    16188.2500
890.700                    16249.7500
890.800                    16121.2500
890.900                    16048.7500
891.000                    16302.2500
891.100                    16445.2500
891.200                    16410.2500
891.300                    16136.0000
891.400                    16204.5000
891.500                    16173.5000
891.600                    16179.0000
891.700                    16320.0000
891.800                    16400.5000
891.900                    16448.5000
892.000                    16455.2500
892.100                    16668.5000
892.200                    16725.0000
892.300                    16649.0000
892.400                    16873.0000
892.500                    16828.7500
892.600                    16843.7500
892.700                    16872.0000
892.800                    16922.2500
892.900                    17277.0000
893.000                    17118.0000
893.100                    17123.0000
893.200                    17140.5000
893.300                    17057.2500
893.400                    17006.5000
893.500                    17305.2500
893.600                    17128.5000
893.700                    16977.0000
893.800                    16890.0000
893.900                    16877.5000
894.000                    16817.7500
894.100                    16734.0000
894.200                    17011.2500
894.300                    17018.5000
894.400                    16767.5000
894.500                    16848.5000
894.600                    16907.5000
894.700                    16692.2500
894.800                    16739.5000
894.900                    16743.2500
895.000                    16794.2500
895.100                    16612.5000
895.200                    16763.5000
895.300                    17077.0000
895.400                    17002.2500
895.500                    17067.5000
895.600                    17216.7500
895.700                    17369.2500
895.800                    17373.5000
895.900                    17419.2500
896.000                    17573.2500
896.100                    17737.2500
896.200                    17797.2500
896.300                    17968.7500
896.400                    18081.0000
896.500                    18299.7500
896.600                    18289.7500
896.700                    18317.0000
896.800                    18222.2500
896.900                    18123.7500
897.000                    18129.0000
897.100                    18081.5000
897.200                    18077.0000
897.300                    18006.7500
897.400                    18021.0000
897.500                    18008.0000
897.600                    17747.2500
897.700                    17295.2500
897.800                    17503.2500
897.900                    17576.2500
898.000                    17331.2500
898.100                    17341.0000
898.200                    17064.5000
898.300                    17025.0000
898.400                    17086.0000
898.500                    16897.0000
898.600                    16895.5000
898.700                    16697.5000
898.800                    16631.0000
898.900                    16549.2500
899.000                    16713.5000
899.100                    16566.2500
899.200                    16472.5000
899.300                    16275.0000
899.400                    16350.5000
899.500                    16414.5000
899.600                    16341.2500
899.700                    16477.5000
899.800                    16431.5000
899.900                    16105.2500
900.000                    16206.7500
900.100                    16364.5000
900.200                    16275.2500
900.300                    16347.2500
900.400                    16297.5000
900.500                    16217.2500
900.600                    16261.2500
900.700                    16237.0000
900.800                    16048.2500
900.900                    16124.0000
901.000                    16074.2500
901.100                    16152.7500
901.200                    16235.0000
901.300                    16304.7500
901.400                    16156.5000
901.500                    16320.5000
901.600                    16252.7500
901.700                    16160.7500
901.800                    15989.5000
901.900                    16165.0000
902.000                    16214.2500
902.100                    16178.2500
902.200                    16192.5000
902.300                    16230.5000
902.400                    16402.0000
902.500                    16119.0000
902.600                    16292.7500
902.700                    16336.5000
902.800                    16212.0000
902.900                    16020.7500
903.000                    15955.0000
903.100                    16098.0000
903.200                    16294.0000
903.300                    16133.5000
903.400                    16204.2500
903.500                    16230.5000
903.600                    16123.7500
903.700                    16263.2500
903.800                    16223.7500
903.900                    16239.5000
904.000                    16227.2500
904.100                    16188.0000
904.200                    16138.2500
904.300                    16074.2500
904.400                    16396.5000
904.500                    16269.7500
904.600                    16271.7500
904.700                    16599.0000
904.800                    16250.7500
904.900                    16364.2500
905.000                    16218.2500
905.100                    16192.2500
905.200                    16353.0000
905.300                    16401.0000
905.400                    16245.2500
905.500                    16295.7500
905.600                    16316.7500
905.700                    16432.7500
905.800                    16422.0000
905.900                    16241.2500
906.000                    16468.0000
906.100                    16296.2500
906.200                    16233.2500
906.300                    16328.5000
906.400                    16226.5000
906.500                    16237.5000
906.600                    16346.5000
906.700                    16101.7500
906.800                    15976.2500
906.900                    16242.2500
907.000                    16319.5000
907.100                    16303.0000
907.200                    16322.0000
907.300                    16267.2500
907.400                    16106.5000
907.500                    16325.0000
907.600                    16207.0000
907.700                    16252.5000
907.800                    16194.7500
907.900                    16161.2500
908.000                    16006.2500
908.100                    16105.2500
908.200                    16011.7500
908.300                    16245.2500
908.400                    16203.0000
908.500                    16086.7500
908.600                    16015.7500
