# Transition                      wide 
# Notes                           
# Creation Comment                
# Energy Mode                     KE
# Start Energy in eV              149.6
# End Energy in eV                1259.6
# Energy Step in eV               0.5
# Number Of Sweeps                1
# Dwell Time per Sweep in s       0.3
# Analyser Mode                   CAE
# Pass Energy in eV/Retard Ratio  50
# Magnification                   high
# Divide Voltages By 10           off
# Excitation Source               Mg Ka 1253.6 eV normal
# Excitation Energy in eV         1253.6
# Analyser Workfunction in eV     4.5
# Entrance Slit                   6 x 12 mm
# Exit Slit                       5 x 11 mm
# 
# 
# Kinetic Energy in eV         Counts
# --------------------         ------
149.600                    14884.9000
150.100                    14817.1000
150.600                    14810.1000
151.100                    14915.7000
151.600                    14753.4000
152.100                    14503.4000
152.600                    14655.8000
153.100                    14522.0000
153.600                    14585.9000
154.100                    14498.9000
154.600                    14549.3000
155.100                    14591.3000
155.600                    14617.1000
156.100                    14504.0000
156.600                    14387.3000
157.100                    14471.4000
157.600                    14705.1000
158.100                    14365.1000
158.600                    14249.9000
159.100                    14175.7000
159.600                    14231.9000
160.100                    14381.7000
160.600                    14299.3000
161.100                    14311.1000
161.600                    14273.6000
162.100                    14209.6000
162.600                    14193.0000
163.100                    14150.3000
163.600                    14170.7000
164.100                    14207.1000
164.600                    14023.5000
165.100                    13970.2000
165.600                    13947.2000
166.100                    14047.1000
166.600                    14009.6000
167.100                    13897.5000
167.600                    13857.1000
168.100                    13944.5000
168.600                    13897.1000
169.100                    13771.7000
169.600                    13714.9000
170.100                    13859.3000
170.600                    13717.5000
171.100                    13674.9000
171.600                    13806.2000
172.100                    13790.9000
172.600                    13814.2000
173.100                    13935.5000
173.600                    13853.8000
174.100                    13825.9000
174.600                    13832.6000
175.100                    13815.8000
175.600                    13707.5000
176.100                    13613.1000
176.600                    13473.7000
177.100                    13657.9000
177.600                    13567.2000
178.100                    13531.7000
178.600                    13614.3000
179.100                    13417.1000
179.600                    13349.4000
180.100                    13519.8000
180.600                    13581.9000
181.100                    13555.3000
181.600                    13311.0000
182.100                    13201.2000
182.600                    13283.4000
183.100                    13221.5000
183.600                    13084.2000
184.100                    13066.8000
184.600                    13184.1000
185.100                    13218.1000
185.600                    13368.5000
186.100                    13359.1000
186.600                    13083.2000
187.100                    13010.9000
187.600                    13159.0000
188.100                    13118.1000
188.600                    13113.4000
189.100                    12903.2000
189.600                    12983.0000
190.100                    12831.6000
190.600                    12959.0000
191.100                    13192.6000
191.600                    12981.7000
192.100                    13051.1000
192.600                    13009.6000
193.100                    12988.2000
193.600                    12748.2000
194.100                    12992.8000
194.600                    12822.5000
195.100                    12978.3000
195.600                    12871.2000
196.100                    12860.2000
196.600                    12860.1000
197.100                    12689.7000
197.600                    12670.0000
198.100                    12852.6000
198.600                    12895.9000
199.100                    12718.7000
199.600                    12689.4000
200.100                    12723.9000
200.600                    12748.1000
201.100                    12723.6000
201.600                    12687.5000
202.100                    12708.1000
202.600                    12662.0000
203.100                    12668.4000
203.600                    12714.9000
204.100                    12644.0000
204.600                    12676.9000
205.100                    12670.1000
205.600                    12672.7000
206.100                    12661.8000
206.600                    12640.4000
207.100                    12588.2000
207.600                    12553.4000
208.100                    12414.2000
208.600                    12518.9000
209.100                    12434.7000
209.600                    12481.2000
210.100                    12498.7000
210.600                    12685.3000
211.100                    12417.4000
211.600                    12461.1000
212.100                    12525.8000
212.600                    12658.1000
213.100                    12355.8000
213.600                    12118.9000
214.100                    12226.1000
214.600                    12351.3000
215.100                    12379.3000
215.600                    12434.2000
216.100                    12247.7000
216.600                    12325.3000
217.100                    12270.6000
217.600                    12367.0000
218.100                    12392.9000
218.600                    12525.5000
219.100                    12315.1000
219.600                    12303.7000
220.100                    12437.0000
220.600                    12488.1000
221.100                    12289.1000
221.600                    12206.1000
222.100                    12223.5000
222.600                    12095.4000
223.100                    12266.4000
223.600                    12185.1000
224.100                    12118.5000
224.600                    12144.4000
225.100                    12245.8000
225.600                    12254.0000
226.100                    12088.5000
226.600                    12210.0000
227.100                    12254.2000
227.600                    12199.5000
228.100                    12109.0000
228.600                    12224.6000
229.100                    12280.7000
229.600                    12404.2000
230.100                    12329.2000
230.600                    12108.3000
231.100                    12322.5000
231.600                    12368.2000
232.100                    12238.5000
232.600                    12302.7000
233.100                    12208.6000
233.600                    12439.9000
234.100                    12523.8000
234.600                    12337.8000
235.100                    12140.7000
235.600                    12281.2000
236.100                    12346.0000
236.600                    12378.0000
237.100                    12182.4000
237.600                    12239.6000
238.100                    12282.9000
238.600                    12297.3000
239.100                    12063.5000
239.600                    12176.8000
240.100                    12057.8000
240.600                    12182.2000
241.100                    12191.1000
241.600                    12336.5000
242.100                    12166.6000
242.600                    12114.0000
243.100                    12164.7000
243.600                    11963.8000
244.100                    12055.9000
244.600                    12050.4000
245.100                    12035.2000
245.600                    11971.6000
246.100                    12108.4000
246.600                    12169.3000
247.100                    12103.1000
247.600                    12073.6000
248.100                    12283.1000
248.600                    12068.3000
249.100                    12122.1000
249.600                    12035.0000
250.100                    12242.6000
250.600                    12029.4000
251.100                    12368.7000
251.600                    12162.1000
252.100                    12268.7000
252.600                    12246.6000
253.100                    12283.1000
253.600                    12435.9000
254.100                    12274.3000
254.600                    12162.2000
255.100                    12102.4000
255.600                    12149.7000
256.100                    12162.1000
256.600                    12073.6000
257.100                    12003.7000
257.600                    11989.3000
258.100                    12044.7000
258.600                    12041.4000
259.100                    11936.2000
259.600                    11931.7000
260.100                    11958.5000
260.600                    11873.8000
261.100                    11690.2000
261.600                    11598.0000
262.100                    11620.1000
262.600                    11569.1000
263.100                    11515.8000
263.600                    11322.7000
264.100                    11303.8000
264.600                    11159.6000
265.100                    11322.4000
265.600                    11166.2000
266.100                    11100.7000
266.600                    11112.0000
267.100                    10919.7000
267.600                    10899.8000
268.100                    10945.1000
268.600                    10917.9000
269.100                    11045.5000
269.600                    11058.8000
270.100                    10876.5000
270.600                    10605.8000
271.100                    10736.0000
271.600                    10765.8000
272.100                    10778.9000
272.600                    10736.2000
273.100                    10738.8000
273.600                    10645.0000
274.100                    10457.5000
274.600                    10487.9000
275.100                    10621.4000
275.600                    10554.4000
276.100                    10455.2000
276.600                    10576.3000
277.100                    10536.4000
277.600                    10411.1000
278.100                    10526.6000
278.600                    10428.4000
279.100                    10704.3000
279.600                    10619.6000
280.100                    10514.2000
280.600                    10383.3000
281.100                    10503.2000
281.600                    10514.7000
282.100                    10632.2000
282.600                    10590.8000
283.100                    10559.6000
283.600                    10482.5000
284.100                    10393.1000
284.600                    10574.7000
285.100                    10646.4000
285.600                    10586.9000
286.100                    10557.5000
286.600                    10547.8000
287.100                    10378.8000
287.600                    10463.1000
288.100                    10425.9000
288.600                    10361.1000
289.100                    10321.5000
289.600                    10444.0000
290.100                    10287.2000
290.600                    10132.0000
291.100                    10249.1000
291.600                    10362.1000
292.100                    10304.5000
292.600                    10248.0000
293.100                    10248.4000
293.600                    10320.7000
294.100                    10441.3000
294.600                    10374.9000
295.100                    10325.7000
295.600                    10279.3000
296.100                    10222.7000
296.600                    10153.7000
297.100                    10205.8000
297.600                    10398.8000
298.100                    10063.6000
298.600                     9983.6000
299.100                    10057.4000
299.600                    10281.9000
300.100                    10128.2000
300.600                    10204.9000
301.100                    10291.1000
301.600                    10188.9000
302.100                    10227.1000
302.600                    10242.9000
303.100                    10115.3000
303.600                    10132.0000
304.100                    10064.9000
304.600                    10269.1000
305.100                    10374.4000
305.600                     9970.0000
306.100                    10338.9000
306.600                    10172.1000
307.100                    10320.9000
307.600                    10227.2000
308.100                     9987.6000
308.600                    10070.0000
309.100                    10064.4000
309.600                    10156.3000
310.100                    10217.3000
310.600                    10193.5000
311.100                    10018.2000
311.600                    10064.5000
312.100                    10210.4000
312.600                    10124.9000
313.100                    10209.0000
313.600                    10111.2000
314.100                    10022.8000
314.600                    10184.8000
315.100                    10383.3000
315.600                    10317.1000
316.100                    10092.1000
316.600                     9984.5000
317.100                    10084.6000
317.600                     9952.7000
318.100                     9981.9000
318.600                     9970.1000
319.100                    10135.3000
319.600                    10069.4000
320.100                    10012.9000
320.600                    10008.1000
321.100                    10172.3000
321.600                    10196.9000
322.100                     9934.0000
322.600                    10055.3000
323.100                    10227.1000
323.600                    10090.5000
324.100                     9989.3000
324.600                    10047.6000
325.100                     9961.5000
325.600                    10055.1000
326.100                     9974.7000
326.600                     9867.9000
327.100                    10062.2000
327.600                     9982.0000
328.100                    10087.0000
328.600                     9847.4000
329.100                    10050.6000
329.600                    10089.8000
330.100                    10113.8000
330.600                     9995.0000
331.100                    10222.7000
331.600                     9926.3000
332.100                     9955.1000
332.600                     9944.6000
333.100                     9886.6000
333.600                     9888.3000
334.100                     9989.1000
334.600                     9890.4000
335.100                    10029.4000
335.600                     9981.3000
336.100                     9965.5000
336.600                     9885.7000
337.100                     9972.7000
337.600                    10000.7000
338.100                     9926.7000
338.600                     9882.9000
339.100                     9821.5000
339.600                     9793.5000
340.100                     9800.8000
340.600                    10090.1000
341.100                     9810.1000
341.600                     9875.4000
342.100                     9908.9000
342.600                     9778.9000
343.100                     9993.2000
343.600                     9950.4000
344.100                     9787.7000
344.600                     9820.1000
345.100                     9854.6000
345.600                     9964.0000
346.100                     9928.3000
346.600                     9716.2000
347.100                     9871.3000
347.600                     9753.3000
348.100                     9866.3000
348.600                     9768.4000
349.100                     9879.6000
349.600                     9831.6000
350.100                     9817.7000
350.600                     9811.5000
351.100                     9940.4000
351.600                     9845.2000
352.100                     9772.8000
352.600                     9681.8000
353.100                     9796.0000
353.600                     9885.6000
354.100                     9844.4000
354.600                     9711.7000
355.100                     9715.6000
355.600                    10089.0000
356.100                     9910.4000
356.600                     9797.2000
357.100                     9830.9000
357.600                     9715.0000
358.100                     9864.2000
358.600                     9756.4000
359.100                     9759.3000
359.600                     9698.0000
360.100                     9773.6000
360.600                     9772.0000
361.100                     9830.4000
361.600                     9717.1000
362.100                     9775.3000
362.600                     9784.1000
363.100                     9848.6000
363.600                     9775.8000
364.100                     9803.9000
364.600                     9862.9000
365.100                     9716.7000
365.600                     9761.3000
366.100                     9847.7000
366.600                     9815.2000
367.100                     9795.6000
367.600                     9811.4000
368.100                     9793.7000
368.600                     9941.8000
369.100                     9913.2000
369.600                     9837.4000
370.100                     9861.0000
370.600                     9719.0000
371.100                     9771.7000
371.600                     9686.4000
372.100                     9779.8000
372.600                     9581.3000
373.100                     9735.9000
373.600                     9901.1000
374.100                     9836.5000
374.600                     9842.3000
375.100                     9787.4000
375.600                     9715.0000
376.100                     9770.0000
376.600                     9738.8000
377.100                     9669.9000
377.600                     9702.1000
378.100                     9639.2000
378.600                     9792.7000
379.100                     9620.4000
379.600                     9648.5000
380.100                     9637.9000
380.600                     9465.1000
381.100                     9530.4000
381.600                     9505.0000
382.100                     9490.0000
382.600                     9470.7000
383.100                     9414.1000
383.600                     9446.9000
384.100                     9382.4000
384.600                     9475.0000
385.100                     9544.5000
385.600                     9606.1000
386.100                     9490.4000
386.600                     9525.4000
387.100                     9479.4000
387.600                     9439.7000
388.100                     9483.8000
388.600                     9489.2000
389.100                     9424.4000
389.600                     9489.2000
390.100                     9393.7000
390.600                     9528.5000
391.100                     9482.1000
391.600                     9328.5000
392.100                     9386.4000
392.600                     9473.5000
393.100                     9559.0000
393.600                     9503.3000
394.100                     9641.5000
394.600                     9464.3000
395.100                     9391.0000
395.600                     9528.7000
396.100                     9360.7000
396.600                     9342.8000
397.100                     9351.9000
397.600                     9433.2000
398.100                     9451.0000
398.600                     9316.7000
399.100                     9278.2000
399.600                     9315.1000
400.100                     9476.2000
400.600                     9210.7000
401.100                     9297.2000
401.600                     9370.9000
402.100                     9334.2000
402.600                     9346.3000
403.100                     9348.4000
403.600                     9414.2000
404.100                     9385.2000
404.600                     9440.1000
405.100                     9409.9000
405.600                     9374.5000
406.100                     9339.5000
406.600                     9413.5000
407.100                     9351.3000
407.600                     9350.3000
408.100                     9395.0000
408.600                     9396.2000
409.100                     9383.9000
409.600                     9257.5000
410.100                     9315.1000
410.600                     9383.4000
411.100                     9383.1000
411.600                     9296.1000
412.100                     9411.2000
412.600                     9408.8000
413.100                     9463.4000
413.600                     9367.3000
414.100                     9555.6000
414.600                     9429.7000
415.100                     9319.4000
415.600                     9348.1000
416.100                     9423.8000
416.600                     9317.1000
417.100                     9314.3000
417.600                     9161.2000
418.100                     9388.2000
418.600                     9289.2000
419.100                     9340.3000
419.600                     9439.3000
420.100                     9185.3000
420.600                     9214.9000
421.100                     9324.8000
421.600                     9325.5000
422.100                     9339.6000
422.600                     9273.1000
423.100                     9111.4000
423.600                     9207.6000
424.100                     9223.5000
424.600                     9273.8000
425.100                     9229.5000
425.600                     9046.7000
426.100                     9353.7000
426.600                     9319.9000
427.100                     9244.2000
427.600                     9089.3000
428.100                     9444.6000
428.600                     9424.5000
429.100                     9427.4000
429.600                     9266.1000
430.100                     9077.6000
430.600                     9251.6000
431.100                     9147.1000
431.600                     9103.3000
432.100                     9243.8000
432.600                     9293.5000
433.100                     9232.3000
433.600                     9264.8000
434.100                     9232.5000
434.600                     9309.6000
435.100                     9237.5000
435.600                     9295.9000
436.100                     9240.6000
436.600                     9381.7000
437.100                     9333.7000
437.600                     9346.9000
438.100                     9409.3000
438.600                     9195.0000
439.100                     9314.3000
439.600                     9330.8000
440.100                     9359.3000
440.600                     9336.0000
441.100                     9340.6000
441.600                     9355.2000
442.100                     9307.4000
442.600                     9456.7000
443.100                     9344.1000
443.600                     9315.9000
444.100                     9436.0000
444.600                     9310.8000
445.100                     9205.6000
445.600                     9325.8000
446.100                     9234.0000
446.600                     9399.9000
447.100                     9325.3000
447.600                     9313.1000
448.100                     9343.6000
448.600                     9370.0000
449.100                     9303.2000
449.600                     9280.3000
450.100                     9286.0000
450.600                     9315.0000
451.100                     9396.7000
451.600                     9315.3000
452.100                     9386.6000
452.600                     9513.7000
453.100                     9435.9000
453.600                     9366.1000
454.100                     9298.3000
454.600                     9248.9000
455.100                     9431.2000
455.600                     9349.8000
456.100                     9373.6000
456.600                     9420.0000
457.100                     9410.1000
457.600                     9500.6000
458.100                     9479.2000
458.600                     9472.4000
459.100                     9480.6000
459.600                     9515.0000
460.100                     9396.9000
460.600                     9411.0000
461.100                     9419.4000
461.600                     9531.2000
462.100                     9393.9000
462.600                     9546.7000
463.100                     9412.8000
463.600                     9458.2000
464.100                     9293.4000
464.600                     9382.3000
465.100                     9434.0000
465.600                     9356.2000
466.100                     9505.9000
466.600                     9488.6000
467.100                     9344.8000
467.600                     9225.0000
468.100                     9257.8000
468.600                     9164.0000
469.100                     9359.1000
469.600                     9251.5000
470.100                     9215.2000
470.600                     9188.7000
471.100                     9160.2000
471.600                     9206.5000
472.100                     9224.3000
472.600                     9342.4000
473.100                     9374.3000
473.600                     9449.9000
474.100                     9520.1000
474.600                     9604.2000
475.100                     9498.9000
475.600                     9615.3000
476.100                     9684.7000
476.600                     9639.3000
477.100                     9894.4000
477.600                     9732.6000
478.100                     9816.5000
478.600                     9642.2000
479.100                     9689.8000
479.600                     9780.1000
480.100                     9799.3000
480.600                     9512.6000
481.100                     9462.5000
481.600                     9357.7000
482.100                     9251.2000
482.600                     9305.9000
483.100                     9090.0000
483.600                     9202.6000
484.100                     9233.2000
484.600                     9146.7000
485.100                     9082.2000
485.600                     8969.7000
486.100                     8917.3000
486.600                     8900.8000
487.100                     8710.9000
487.600                     8591.0000
488.100                     8543.6000
488.600                     8488.1000
489.100                     8534.6000
489.600                     8415.6000
490.100                     8461.2000
490.600                     8552.5000
491.100                     8471.0000
491.600                     8548.3000
492.100                     8547.0000
492.600                     8398.0000
493.100                     8498.3000
493.600                     8512.3000
494.100                     8616.8000
494.600                     8775.6000
495.100                     8817.5000
495.600                     8992.7000
496.100                     9185.2000
496.600                     9266.5000
497.100                     9492.5000
497.600                     9654.5000
498.100                     9984.3000
498.600                    10369.0000
499.100                    10552.4000
499.600                    10547.3000
500.100                    10447.6000
500.600                    10298.5000
501.100                    10144.2000
501.600                     9967.7000
502.100                     9642.6000
502.600                     9500.7000
503.100                     9202.6000
503.600                     9008.7000
504.100                     9088.6000
504.600                     8949.8000
505.100                     8671.3000
505.600                     8434.9000
506.100                     8408.7000
506.600                     8137.1000
507.100                     8057.0000
507.600                     7893.7000
508.100                     7679.1000
508.600                     7687.5000
509.100                     7658.4000
509.600                     7388.6000
510.100                     7279.2000
510.600                     7156.2000
511.100                     7120.1000
511.600                     6983.5000
512.100                     6864.9000
512.600                     6717.8000
513.100                     6581.0000
513.600                     6672.4000
514.100                     6563.7000
514.600                     6658.8000
515.100                     6570.1000
515.600                     6497.4000
516.100                     6393.9000
516.600                     6297.5000
517.100                     6405.7000
517.600                     6368.0000
518.100                     6403.7000
518.600                     6309.0000
519.100                     6516.2000
519.600                     6375.6000
520.100                     6368.7000
520.600                     6245.2000
521.100                     6257.7000
521.600                     6274.0000
522.100                     6362.0000
522.600                     6306.1000
523.100                     6194.3000
523.600                     6170.5000
524.100                     6231.4000
524.600                     6080.7000
525.100                     6110.9000
525.600                     6137.6000
526.100                     6089.7000
526.600                     5995.4000
527.100                     6037.6000
527.600                     6068.1000
528.100                     6016.0000
528.600                     6122.3000
529.100                     6082.8000
529.600                     6040.7000
530.100                     5984.6000
530.600                     6058.1000
531.100                     6122.9000
531.600                     6122.9000
532.100                     6109.9000
532.600                     6007.2000
533.100                     6162.9000
533.600                     6182.3000
534.100                     6238.0000
534.600                     6100.5000
535.100                     6127.0000
535.600                     6066.8000
536.100                     6038.9000
536.600                     5861.3000
537.100                     5846.7000
537.600                     5743.1000
538.100                     5692.6000
538.600                     5826.1000
539.100                     5783.0000
539.600                     5797.0000
540.100                     5769.8000
540.600                     5779.5000
541.100                     5693.7000
541.600                     5718.9000
542.100                     5760.4000
542.600                     5729.9000
543.100                     5582.3000
543.600                     5824.9000
544.100                     5702.1000
544.600                     5618.5000
545.100                     5665.3000
545.600                     5631.8000
546.100                     5640.2000
546.600                     5511.6000
547.100                     5518.3000
547.600                     5435.6000
548.100                     5365.8000
548.600                     5508.7000
549.100                     5448.7000
549.600                     5504.6000
550.100                     5613.1000
550.600                     5582.3000
551.100                     5536.3000
551.600                     5523.9000
552.100                     5614.6000
552.600                     5555.8000
553.100                     5425.3000
553.600                     5448.8000
554.100                     5378.7000
554.600                     5490.6000
555.100                     5423.5000
555.600                     5474.4000
556.100                     5458.1000
556.600                     5456.0000
557.100                     5440.3000
557.600                     5428.5000
558.100                     5441.2000
558.600                     5543.6000
559.100                     5520.6000
559.600                     5503.3000
560.100                     5455.2000
560.600                     5310.3000
561.100                     5379.4000
561.600                     5409.1000
562.100                     5335.4000
562.600                     5398.2000
563.100                     5373.1000
563.600                     5537.7000
564.100                     5413.4000
564.600                     5317.8000
565.100                     5439.5000
565.600                     5376.8000
566.100                     5285.8000
566.600                     5415.1000
567.100                     5426.9000
567.600                     5424.9000
568.100                     5303.3000
568.600                     5278.1000
569.100                     5373.7000
569.600                     5354.8000
570.100                     5308.3000
570.600                     5361.1000
571.100                     5352.5000
571.600                     5324.6000
572.100                     5319.8000
572.600                     5375.3000
573.100                     5377.6000
573.600                     5412.0000
574.100                     5297.5000
574.600                     5244.1000
575.100                     5358.2000
575.600                     5265.0000
576.100                     5285.6000
576.600                     5381.4000
577.100                     5380.2000
577.600                     5203.9000
578.100                     5384.8000
578.600                     5278.1000
579.100                     5223.6000
579.600                     5263.5000
580.100                     5204.7000
580.600                     5389.9000
581.100                     5296.5000
581.600                     5226.5000
582.100                     5221.5000
582.600                     5256.5000
583.100                     5218.6000
583.600                     5303.6000
584.100                     5315.8000
584.600                     5230.6000
585.100                     5257.1000
585.600                     5268.8000
586.100                     5318.3000
586.600                     5368.5000
587.100                     5219.7000
587.600                     5183.6000
588.100                     5230.9000
588.600                     5251.9000
589.100                     5100.4000
589.600                     5168.2000
590.100                     5132.7000
590.600                     5244.7000
591.100                     5214.5000
591.600                     5116.4000
592.100                     5125.8000
592.600                     5064.5000
593.100                     5129.8000
593.600                     5170.3000
594.100                     5154.6000
594.600                     5126.6000
595.100                     5127.1000
595.600                     5106.6000
596.100                     5011.0000
596.600                     5083.3000
597.100                     4945.2000
597.600                     4976.4000
598.100                     5061.6000
598.600                     5083.6000
599.100                     4996.3000
599.600                     5004.7000
600.100                     4957.2000
600.600                     4949.2000
601.100                     5031.8000
601.600                     5060.6000
602.100                     4953.2000
602.600                     4833.5000
603.100                     4927.5000
603.600                     5054.5000
604.100                     4913.3000
604.600                     4924.6000
605.100                     5032.3000
605.600                     4909.2000
606.100                     4848.6000
606.600                     5002.5000
607.100                     4965.0000
607.600                     4975.0000
608.100                     5034.0000
608.600                     5003.0000
609.100                     4909.5000
609.600                     4987.3000
610.100                     4915.9000
610.600                     4834.5000
611.100                     4857.4000
611.600                     4901.3000
612.100                     4906.9000
612.600                     4802.7000
613.100                     4872.8000
613.600                     4856.8000
614.100                     4929.1000
614.600                     4957.3000
615.100                     4960.0000
615.600                     4985.0000
616.100                     4844.4000
616.600                     4861.9000
617.100                     4868.4000
617.600                     4895.8000
618.100                     4932.1000
618.600                     4929.2000
619.100                     4822.2000
619.600                     4882.1000
620.100                     4850.5000
620.600                     4796.7000
621.100                     4800.0000
621.600                     4848.4000
622.100                     4771.9000
622.600                     4918.4000
623.100                     4892.2000
623.600                     4989.1000
624.100                     4976.2000
624.600                     4947.4000
625.100                     4872.3000
625.600                     4853.0000
626.100                     4826.1000
626.600                     4808.1000
627.100                     4874.4000
627.600                     4853.1000
628.100                     4885.0000
628.600                     4982.8000
629.100                     4909.8000
629.600                     4841.0000
630.100                     4951.6000
630.600                     4948.8000
631.100                     4923.2000
631.600                     4809.5000
632.100                     4753.8000
632.600                     4769.3000
633.100                     4915.6000
633.600                     4929.0000
634.100                     4893.2000
634.600                     4889.9000
635.100                     4833.7000
635.600                     4948.0000
636.100                     4804.5000
636.600                     4870.0000
637.100                     4856.1000
637.600                     4828.9000
638.100                     4813.2000
638.600                     4808.5000
639.100                     4851.1000
639.600                     4795.4000
640.100                     4872.1000
640.600                     4919.6000
641.100                     4915.0000
641.600                     4864.6000
642.100                     4917.0000
642.600                     4864.3000
643.100                     4761.0000
643.600                     4791.6000
644.100                     4901.0000
644.600                     4869.5000
645.100                     4738.9000
645.600                     4785.9000
646.100                     4607.0000
646.600                     4701.8000
647.100                     4696.2000
647.600                     4682.6000
648.100                     4582.1000
648.600                     4726.4000
649.100                     4649.6000
649.600                     4607.8000
650.100                     4654.9000
650.600                     4580.6000
651.100                     4500.1000
651.600                     4533.8000
652.100                     4722.7000
652.600                     4673.6000
653.100                     4623.6000
653.600                     4635.4000
654.100                     4667.1000
654.600                     4655.7000
655.100                     4615.9000
655.600                     4608.1000
656.100                     4567.9000
656.600                     4578.8000
657.100                     4566.5000
657.600                     4603.7000
658.100                     4742.1000
658.600                     4615.1000
659.100                     4497.1000
659.600                     4429.6000
660.100                     4565.3000
660.600                     4573.4000
661.100                     4439.7000
661.600                     4478.1000
662.100                     4463.4000
662.600                     4703.8000
663.100                     4550.2000
663.600                     4623.1000
664.100                     4487.1000
664.600                     4522.4000
665.100                     4607.4000
665.600                     4523.7000
666.100                     4542.3000
666.600                     4614.0000
667.100                     4512.0000
667.600                     4527.1000
668.100                     4429.6000
668.600                     4567.1000
669.100                     4538.9000
669.600                     4598.9000
670.100                     4503.4000
670.600                     4554.4000
671.100                     4451.1000
671.600                     4492.8000
672.100                     4545.9000
672.600                     4385.1000
673.100                     4390.7000
673.600                     4433.5000
674.100                     4499.8000
674.600                     4443.0000
675.100                     4357.9000
675.600                     4494.3000
676.100                     4442.6000
676.600                     4476.8000
677.100                     4414.2000
677.600                     4441.1000
678.100                     4431.6000
678.600                     4409.8000
679.100                     4340.5000
679.600                     4424.3000
680.100                     4485.9000
680.600                     4367.1000
681.100                     4459.7000
681.600                     4401.1000
682.100                     4402.0000
682.600                     4362.5000
683.100                     4503.2000
683.600                     4421.3000
684.100                     4414.1000
684.600                     4485.0000
685.100                     4479.5000
685.600                     4564.9000
686.100                     4540.2000
686.600                     4585.8000
687.100                     4562.1000
687.600                     4717.1000
688.100                     4790.9000
688.600                     4700.2000
689.100                     4775.8000
689.600                     4740.1000
690.100                     4795.0000
690.600                     4711.6000
691.100                     4783.8000
691.600                     4676.3000
692.100                     4604.7000
692.600                     4683.0000
693.100                     4649.7000
693.600                     4570.6000
694.100                     4525.1000
694.600                     4474.3000
695.100                     4433.0000
695.600                     4268.3000
696.100                     4240.1000
696.600                     4249.9000
697.100                     4167.5000
697.600                     4122.7000
698.100                     4075.4000
698.600                     4094.7000
699.100                     4062.8000
699.600                     3920.0000
700.100                     3880.7000
700.600                     3832.0000
701.100                     3743.8000
701.600                     3645.7000
702.100                     3652.9000
702.600                     3534.5000
703.100                     3546.4000
703.600                     3434.1000
704.100                     3400.0000
704.600                     3323.9000
705.100                     3234.4000
705.600                     3139.4000
706.100                     3067.7000
706.600                     3063.4000
707.100                     3092.8000
707.600                     2942.7000
708.100                     3004.0000
708.600                     3032.2000
709.100                     3146.9000
709.600                     3162.5000
710.100                     3531.5000
710.600                     4222.9000
711.100                     5253.5000
711.600                     6520.6000
712.100                     8426.9000
712.600                     9851.5000
713.100                    10559.2000
713.600                    10215.2000
714.100                     9063.9000
714.600                     7695.3000
715.100                     6294.9000
715.600                     5200.3000
716.100                     4377.9000
716.600                     3830.1000
717.100                     3413.7000
717.600                     3115.2000
718.100                     2951.8000
718.600                     2930.6000
719.100                     2930.9000
719.600                     3066.5000
720.100                     3335.9000
720.600                     3357.3000
721.100                     3457.1000
721.600                     3650.5000
722.100                     3676.5000
722.600                     3579.1000
723.100                     3482.4000
723.600                     3431.1000
724.100                     3220.8000
724.600                     2983.2000
725.100                     2829.6000
725.600                     2711.1000
726.100                     2651.6000
726.600                     2545.3000
727.100                     2532.3000
727.600                     2357.3000
728.100                     2351.8000
728.600                     2489.7000
729.100                     2389.8000
729.600                     2396.0000
730.100                     2483.3000
730.600                     2394.8000
731.100                     2494.5000
731.600                     2460.3000
732.100                     2370.9000
732.600                     2346.0000
733.100                     2402.4000
733.600                     2431.2000
734.100                     2457.2000
734.600                     2504.3000
735.100                     2396.4000
735.600                     2360.7000
736.100                     2327.6000
736.600                     2392.4000
737.100                     2344.6000
737.600                     2304.2000
738.100                     2305.7000
738.600                     2358.5000
739.100                     2415.0000
739.600                     2363.5000
740.100                     2304.8000
740.600                     2280.2000
741.100                     2296.3000
741.600                     2313.8000
742.100                     2332.2000
742.600                     2315.4000
743.100                     2305.0000
743.600                     2288.1000
744.100                     2289.0000
744.600                     2312.3000
745.100                     2307.4000
745.600                     2336.2000
746.100                     2274.3000
746.600                     2271.4000
747.100                     2296.1000
747.600                     2286.9000
748.100                     2343.2000
748.600                     2380.0000
749.100                     2333.2000
749.600                     2359.0000
750.100                     2239.1000
750.600                     2187.3000
751.100                     2279.3000
751.600                     2319.0000
752.100                     2279.9000
752.600                     2286.6000
753.100                     2280.2000
753.600                     2293.3000
754.100                     2312.3000
754.600                     2351.1000
755.100                     2350.2000
755.600                     2369.9000
756.100                     2313.7000
756.600                     2296.4000
757.100                     2336.8000
757.600                     2273.1000
758.100                     2400.6000
758.600                     2321.4000
759.100                     2331.2000
759.600                     2304.2000
760.100                     2273.3000
760.600                     2361.8000
761.100                     2317.9000
761.600                     2328.1000
762.100                     2325.5000
762.600                     2271.4000
763.100                     2295.9000
763.600                     2241.0000
764.100                     2238.5000
764.600                     2261.8000
765.100                     2291.7000
765.600                     2305.5000
766.100                     2313.4000
766.600                     2355.5000
767.100                     2266.0000
767.600                     2206.6000
768.100                     2243.5000
768.600                     2280.6000
769.100                     2232.0000
769.600                     2182.3000
770.100                     2183.6000
770.600                     2223.6000
771.100                     2202.1000
771.600                     2169.8000
772.100                     2256.5000
772.600                     2209.8000
773.100                     2254.8000
773.600                     2282.2000
774.100                     2204.1000
774.600                     2212.4000
775.100                     2224.3000
775.600                     2187.3000
776.100                     2157.2000
776.600                     2157.1000
777.100                     2145.1000
777.600                     2185.9000
778.100                     2177.4000
778.600                     2206.6000
779.100                     2188.1000
779.600                     2154.2000
780.100                     2223.1000
780.600                     2328.8000
781.100                     2290.3000
781.600                     2312.1000
782.100                     2263.8000
782.600                     2255.1000
783.100                     2167.1000
783.600                     2176.4000
784.100                     2153.5000
784.600                     2184.1000
785.100                     2213.1000
785.600                     2357.4000
786.100                     2452.3000
786.600                     2471.1000
787.100                     2508.1000
787.600                     2414.1000
788.100                     2268.1000
788.600                     2160.6000
789.100                     2053.9000
789.600                     2101.1000
790.100                     2081.3000
790.600                     1984.3000
791.100                     1979.1000
791.600                     2004.3000
792.100                     1934.3000
792.600                     2007.1000
793.100                     1930.9000
793.600                     1960.0000
794.100                     2041.2000
794.600                     2011.7000
795.100                     2004.9000
795.600                     2094.5000
796.100                     1989.9000
796.600                     1950.2000
797.100                     2038.5000
797.600                     2002.6000
798.100                     1951.9000
798.600                     1946.9000
799.100                     1861.1000
799.600                     1960.2000
800.100                     1960.4000
800.600                     1871.5000
801.100                     1876.2000
801.600                     1952.4000
802.100                     1954.0000
802.600                     1951.1000
803.100                     1963.2000
803.600                     1960.7000
804.100                     1945.3000
804.600                     1887.9000
805.100                     1970.8000
805.600                     1942.3000
806.100                     1981.1000
806.600                     1989.8000
807.100                     1997.8000
807.600                     1930.9000
808.100                     1959.6000
808.600                     1909.5000
809.100                     1915.7000
809.600                     1933.0000
810.100                     1899.8000
810.600                     1930.7000
811.100                     1879.7000
811.600                     1947.8000
812.100                     2017.4000
812.600                     1909.3000
813.100                     1931.0000
813.600                     1824.5000
814.100                     1906.4000
814.600                     1851.3000
815.100                     1849.0000
815.600                     1970.7000
816.100                     1873.5000
816.600                     1871.6000
817.100                     1879.3000
817.600                     1911.4000
818.100                     1895.1000
818.600                     1864.8000
819.100                     1933.2000
819.600                     1862.9000
820.100                     1883.8000
820.600                     1906.3000
821.100                     1879.7000
821.600                     1883.8000
822.100                     1875.9000
822.600                     1816.0000
823.100                     1838.1000
823.600                     1830.2000
824.100                     1894.4000
824.600                     1965.4000
825.100                     1826.7000
825.600                     1858.7000
826.100                     1968.4000
826.600                     1943.0000
827.100                     1863.1000
827.600                     1847.5000
828.100                     1846.9000
828.600                     1812.3000
829.100                     1890.5000
829.600                     1853.7000
830.100                     1849.6000
830.600                     1838.1000
831.100                     1893.6000
831.600                     1950.5000
832.100                     1862.8000
832.600                     1888.1000
833.100                     1848.4000
833.600                     1870.9000
834.100                     1847.4000
834.600                     1897.9000
835.100                     1881.7000
835.600                     1864.8000
836.100                     1845.8000
836.600                     1900.7000
837.100                     1851.4000
837.600                     1903.8000
838.100                     1817.8000
838.600                     1833.9000
839.100                     1783.8000
839.600                     1824.4000
840.100                     1840.9000
840.600                     1817.1000
841.100                     1867.8000
841.600                     1867.6000
842.100                     1876.6000
842.600                     1795.5000
843.100                     1785.5000
843.600                     1894.9000
844.100                     1897.0000
844.600                     1888.0000
845.100                     1848.0000
845.600                     1786.8000
846.100                     1799.5000
846.600                     1848.2000
847.100                     1850.2000
847.600                     1890.7000
848.100                     1817.1000
848.600                     1766.8000
849.100                     1780.6000
849.600                     1754.9000
850.100                     1820.8000
850.600                     1808.2000
851.100                     1801.3000
851.600                     1764.0000
852.100                     1869.6000
852.600                     1873.5000
853.100                     1744.4000
853.600                     1871.9000
854.100                     1795.0000
854.600                     1833.4000
855.100                     1819.8000
855.600                     1789.3000
856.100                     1754.8000
856.600                     1819.4000
857.100                     1838.3000
857.600                     1824.9000
858.100                     1798.7000
858.600                     1795.6000
859.100                     1801.3000
859.600                     1779.6000
860.100                     1793.7000
860.600                     1817.4000
861.100                     1805.2000
861.600                     1791.3000
862.100                     1807.1000
862.600                     1799.9000
863.100                     1838.5000
863.600                     1850.8000
864.100                     1745.0000
864.600                     1757.1000
865.100                     1810.7000
865.600                     1742.9000
866.100                     1784.9000
866.600                     1813.3000
867.100                     1783.6000
867.600                     1797.3000
868.100                     1867.7000
868.600                     1831.9000
869.100                     1763.2000
869.600                     1835.1000
870.100                     1857.0000
870.600                     1804.5000
871.100                     1783.9000
871.600                     1842.0000
872.100                     1772.7000
872.600                     1825.5000
873.100                     1762.4000
873.600                     1807.1000
874.100                     1769.2000
874.600                     1752.5000
875.100                     1751.6000
875.600                     1771.6000
876.100                     1743.3000
876.600                     1717.9000
877.100                     1713.3000
877.600                     1681.6000
878.100                     1698.7000
878.600                     1731.4000
879.100                     1631.6000
879.600                     1675.1000
880.100                     1696.2000
880.600                     1667.5000
881.100                     1637.5000
881.600                     1587.9000
882.100                     1601.7000
882.600                     1742.9000
883.100                     1679.5000
883.600                     1600.2000
884.100                     1662.0000
884.600                     1600.4000
885.100                     1693.9000
885.600                     1640.8000
886.100                     1643.9000
886.600                     1609.5000
887.100                     1623.4000
887.600                     1551.0000
888.100                     1648.6000
888.600                     1594.8000
889.100                     1608.3000
889.600                     1646.9000
890.100                     1609.5000
890.600                     1597.1000
891.100                     1575.3000
891.600                     1611.3000
892.100                     1661.1000
892.600                     1793.6000
893.100                     1780.7000
893.600                     1686.4000
894.100                     1666.8000
894.600                     1703.0000
895.100                     1703.4000
895.600                     1798.6000
896.100                     1782.0000
896.600                     1771.8000
897.100                     1769.4000
897.600                     1737.4000
898.100                     1711.2000
898.600                     1633.7000
899.100                     1603.9000
899.600                     1621.1000
900.100                     1628.2000
900.600                     1612.8000
901.100                     1629.5000
901.600                     1617.1000
902.100                     1552.9000
902.600                     1553.0000
903.100                     1569.7000
903.600                     1540.7000
904.100                     1609.0000
904.600                     1615.1000
905.100                     1579.8000
905.600                     1580.7000
906.100                     1568.3000
906.600                     1612.7000
907.100                     1629.0000
907.600                     1565.3000
908.100                     1573.7000
908.600                     1612.6000
909.100                     1625.3000
909.600                     1542.0000
910.100                     1556.5000
910.600                     1578.6000
911.100                     1563.3000
911.600                     1582.8000
912.100                     1664.8000
912.600                     1635.2000
913.100                     1576.4000
913.600                     1576.8000
914.100                     1565.7000
914.600                     1612.3000
915.100                     1607.0000
915.600                     1561.5000
916.100                     1617.4000
916.600                     1679.1000
917.100                     1610.1000
917.600                     1551.8000
918.100                     1567.1000
918.600                     1607.6000
919.100                     1547.6000
919.600                     1588.9000
920.100                     1619.5000
920.600                     1574.4000
921.100                     1601.8000
921.600                     1597.2000
922.100                     1558.4000
922.600                     1603.5000
923.100                     1603.8000
923.600                     1585.9000
924.100                     1559.8000
924.600                     1543.6000
925.100                     1614.6000
925.600                     1586.9000
926.100                     1664.3000
926.600                     1538.5000
927.100                     1558.5000
927.600                     1612.8000
928.100                     1596.6000
928.600                     1552.9000
929.100                     1578.8000
929.600                     1528.8000
930.100                     1589.1000
930.600                     1543.5000
931.100                     1580.7000
931.600                     1606.7000
932.100                     1559.0000
932.600                     1519.2000
933.100                     1579.2000
933.600                     1522.3000
934.100                     1522.1000
934.600                     1568.0000
935.100                     1587.8000
935.600                     1559.2000
936.100                     1577.2000
936.600                     1596.9000
937.100                     1538.9000
937.600                     1532.8000
938.100                     1560.8000
938.600                     1541.6000
939.100                     1547.0000
939.600                     1654.2000
940.100                     1603.5000
940.600                     1615.9000
941.100                     1706.6000
941.600                     1615.1000
942.100                     1587.1000
942.600                     1635.3000
943.100                     1579.8000
943.600                     1595.6000
944.100                     1610.4000
944.600                     1553.2000
945.100                     1545.7000
945.600                     1498.4000
946.100                     1516.8000
946.600                     1557.8000
947.100                     1522.5000
947.600                     1551.1000
948.100                     1482.2000
948.600                     1560.1000
949.100                     1525.1000
949.600                     1539.9000
950.100                     1596.5000
950.600                     1557.0000
951.100                     1509.1000
951.600                     1485.3000
952.100                     1510.8000
952.600                     1519.0000
953.100                     1591.2000
953.600                     1499.0000
954.100                     1504.8000
954.600                     1511.1000
955.100                     1543.5000
955.600                     1557.1000
956.100                     1574.0000
956.600                     1574.5000
957.100                     1644.2000
957.600                     1729.4000
958.100                     1941.0000
958.600                     2177.3000
959.100                     2336.3000
959.600                     2432.2000
960.100                     2332.0000
960.600                     2197.0000
961.100                     1867.6000
961.600                     1764.3000
962.100                     1630.7000
962.600                     1595.9000
963.100                     1569.1000
963.600                     1506.9000
964.100                     1525.4000
964.600                     1555.0000
965.100                     1565.5000
965.600                     1578.7000
966.100                     1620.1000
966.600                     1601.6000
967.100                     1668.9000
967.600                     1688.0000
968.100                     1755.6000
968.600                     1656.5000
969.100                     1570.9000
969.600                     1498.0000
970.100                     1441.9000
970.600                     1463.4000
971.100                     1405.9000
971.600                     1377.0000
972.100                     1428.2000
972.600                     1381.1000
973.100                     1331.0000
973.600                     1392.0000
974.100                     1396.5000
974.600                     1410.4000
975.100                     1371.5000
975.600                     1387.7000
976.100                     1398.4000
976.600                     1413.8000
977.100                     1375.0000
977.600                     1385.6000
978.100                     1441.8000
978.600                     1475.7000
979.100                     1502.5000
979.600                     1518.8000
980.100                     1507.7000
980.600                     1527.7000
981.100                     1453.6000
981.600                     1405.6000
982.100                     1366.3000
982.600                     1395.2000
983.100                     1410.4000
983.600                     1336.6000
984.100                     1323.5000
984.600                     1398.8000
985.100                     1334.4000
985.600                     1331.6000
986.100                     1291.8000
986.600                     1326.0000
987.100                     1362.1000
987.600                     1328.3000
988.100                     1403.3000
988.600                     1466.4000
989.100                     1337.7000
989.600                     1360.6000
990.100                     1261.7000
990.600                     1273.5000
991.100                     1322.0000
991.600                     1384.1000
992.100                     1326.1000
992.600                     1365.5000
993.100                     1284.5000
993.600                     1286.9000
994.100                     1316.0000
994.600                     1299.7000
995.100                     1321.3000
995.600                     1282.1000
996.100                     1284.3000
996.600                     1286.6000
997.100                     1297.9000
997.600                     1284.2000
998.100                     1279.8000
998.600                     1303.7000
999.100                     1314.5000
999.600                     1344.0000
1000.100                    1285.2000
1000.600                    1331.0000
1001.100                    1319.5000
1001.600                    1356.5000
1002.100                    1367.3000
1002.600                    1339.6000
1003.100                    1276.3000
1003.600                    1333.4000
1004.100                    1336.3000
1004.600                    1253.1000
1005.100                    1321.4000
1005.600                    1321.3000
1006.100                    1325.3000
1006.600                    1274.6000
1007.100                    1272.3000
1007.600                    1306.4000
1008.100                    1286.8000
1008.600                    1308.2000
1009.100                    1344.5000
1009.600                    1283.2000
1010.100                    1308.7000
1010.600                    1279.2000
1011.100                    1287.4000
1011.600                    1287.7000
1012.100                    1260.4000
1012.600                    1272.9000
1013.100                    1245.4000
1013.600                    1285.5000
1014.100                    1258.0000
1014.600                    1306.1000
1015.100                    1298.2000
1015.600                    1306.7000
1016.100                    1318.9000
1016.600                    1370.6000
1017.100                    1314.5000
1017.600                    1350.0000
1018.100                    1258.0000
1018.600                    1302.6000
1019.100                    1279.5000
1019.600                    1341.1000
1020.100                    1315.1000
1020.600                    1255.1000
1021.100                    1309.4000
1021.600                    1333.0000
1022.100                    1354.3000
1022.600                    1355.1000
1023.100                    1338.8000
1023.600                    1332.3000
1024.100                    1345.1000
1024.600                    1254.1000
1025.100                    1301.6000
1025.600                    1278.0000
1026.100                    1249.0000
1026.600                    1292.9000
1027.100                    1326.4000
1027.600                    1293.8000
1028.100                    1260.7000
1028.600                    1291.9000
1029.100                    1324.0000
1029.600                    1289.9000
1030.100                    1302.6000
1030.600                    1292.1000
1031.100                    1313.3000
1031.600                    1263.4000
1032.100                    1261.8000
1032.600                    1338.4000
1033.100                    1279.4000
1033.600                    1306.5000
1034.100                    1324.1000
1034.600                    1300.1000
1035.100                    1285.2000
1035.600                    1329.6000
1036.100                    1404.9000
1036.600                    1238.5000
1037.100                    1305.0000
1037.600                    1290.8000
1038.100                    1280.0000
1038.600                    1303.5000
1039.100                    1283.2000
1039.600                    1307.1000
1040.100                    1263.8000
1040.600                    1296.8000
1041.100                    1298.9000
1041.600                    1274.9000
1042.100                    1323.0000
1042.600                    1272.4000
1043.100                    1284.4000
1043.600                    1288.2000
1044.100                    1330.5000
1044.600                    1270.5000
1045.100                    1273.3000
1045.600                    1398.2000
1046.100                    1325.9000
1046.600                    1301.1000
1047.100                    1265.6000
1047.600                    1257.3000
1048.100                    1267.3000
1048.600                    1290.6000
1049.100                    1291.6000
1049.600                    1315.9000
1050.100                    1282.4000
1050.600                    1323.2000
1051.100                    1261.5000
1051.600                    1248.3000
1052.100                    1251.5000
1052.600                    1284.6000
1053.100                    1348.2000
1053.600                    1306.8000
1054.100                    1337.6000
1054.600                    1374.1000
1055.100                    1371.8000
1055.600                    1193.8000
1056.100                    1296.2000
1056.600                    1300.6000
1057.100                    1327.3000
1057.600                    1344.1000
1058.100                    1296.3000
1058.600                    1278.9000
1059.100                    1350.6000
1059.600                    1341.1000
1060.100                    1351.4000
1060.600                    1321.9000
1061.100                    1340.5000
1061.600                    1319.6000
1062.100                    1310.0000
1062.600                    1260.9000
1063.100                    1306.5000
1063.600                    1282.4000
1064.100                    1248.3000
1064.600                    1337.5000
1065.100                    1340.4000
1065.600                    1327.8000
1066.100                    1355.7000
1066.600                    1323.2000
1067.100                    1371.9000
1067.600                    1363.0000
1068.100                    1338.9000
1068.600                    1335.4000
1069.100                    1328.6000
1069.600                    1381.1000
1070.100                    1335.0000
1070.600                    1371.9000
1071.100                    1354.2000
1071.600                    1317.6000
1072.100                    1316.8000
1072.600                    1331.7000
1073.100                    1339.8000
1073.600                    1311.0000
1074.100                    1294.9000
1074.600                    1227.6000
1075.100                    1269.3000
1075.600                    1329.6000
1076.100                    1282.2000
1076.600                    1284.6000
1077.100                    1331.9000
1077.600                    1289.0000
1078.100                    1282.2000
1078.600                    1251.0000
1079.100                    1286.3000
1079.600                    1277.4000
1080.100                    1296.4000
1080.600                    1226.6000
1081.100                    1277.1000
1081.600                    1252.8000
1082.100                    1291.7000
1082.600                    1266.8000
1083.100                    1274.4000
1083.600                    1328.2000
1084.100                    1253.3000
1084.600                    1257.5000
1085.100                    1296.8000
1085.600                    1259.4000
1086.100                    1300.3000
1086.600                    1306.7000
1087.100                    1333.3000
1087.600                    1367.9000
1088.100                    1468.5000
1088.600                    1470.6000
1089.100                    1654.6000
1089.600                    1720.9000
1090.100                    1787.1000
1090.600                    1757.9000
1091.100                    1697.0000
1091.600                    1609.2000
1092.100                    1543.1000
1092.600                    1455.2000
1093.100                    1336.1000
1093.600                    1363.6000
1094.100                    1326.9000
1094.600                    1256.3000
1095.100                    1265.3000
1095.600                    1319.1000
1096.100                    1297.0000
1096.600                    1299.2000
1097.100                    1341.0000
1097.600                    1295.0000
1098.100                    1295.2000
1098.600                    1325.4000
1099.100                    1277.3000
1099.600                    1255.3000
1100.100                    1323.2000
1100.600                    1283.5000
1101.100                    1326.4000
1101.600                    1283.7000
1102.100                    1236.1000
1102.600                    1257.1000
1103.100                    1321.6000
1103.600                    1301.3000
1104.100                    1282.3000
1104.600                    1198.3000
1105.100                    1225.2000
1105.600                    1267.7000
1106.100                    1226.8000
1106.600                    1161.3000
1107.100                    1229.2000
1107.600                    1303.4000
1108.100                    1256.1000
1108.600                    1267.3000
1109.100                    1309.4000
1109.600                    1240.8000
1110.100                    1267.4000
1110.600                    1283.1000
1111.100                    1233.7000
1111.600                    1288.1000
1112.100                    1246.3000
1112.600                    1253.1000
1113.100                    1278.1000
1113.600                    1265.4000
1114.100                    1242.0000
1114.600                    1205.4000
1115.100                    1197.6000
1115.600                    1273.7000
1116.100                    1230.2000
1116.600                    1209.6000
1117.100                    1210.1000
1117.600                    1247.8000
1118.100                    1242.2000
1118.600                    1200.0000
1119.100                    1223.6000
1119.600                    1202.7000
1120.100                    1182.1000
1120.600                    1242.2000
1121.100                    1238.7000
1121.600                    1231.0000
1122.100                    1214.7000
1122.600                    1292.0000
1123.100                    1288.0000
1123.600                    1340.2000
1124.100                    1331.4000
1124.600                    1355.0000
1125.100                    1386.7000
1125.600                    1422.4000
1126.100                    1360.5000
1126.600                    1294.5000
1127.100                    1278.5000
1127.600                    1273.7000
1128.100                    1201.5000
1128.600                    1250.9000
1129.100                    1274.9000
1129.600                    1256.2000
1130.100                    1255.0000
1130.600                    1242.6000
1131.100                    1260.9000
1131.600                    1331.1000
1132.100                    1311.5000
1132.600                    1281.3000
1133.100                    1254.9000
1133.600                    1251.1000
1134.100                    1224.7000
1134.600                    1135.9000
1135.100                    1171.6000
1135.600                    1138.7000
1136.100                    1087.0000
1136.600                    1128.2000
1137.100                    1121.8000
1137.600                    1100.6000
1138.100                    1153.3000
1138.600                    1221.9000
1139.100                    1306.5000
1139.600                    1377.3000
1140.100                    1592.4000
1140.600                    1730.1000
1141.100                    1719.1000
1141.600                    1706.7000
1142.100                    1546.0000
1142.600                    1385.3000
1143.100                    1244.3000
1143.600                    1148.1000
1144.100                    1122.3000
1144.600                    1052.4000
1145.100                    1095.4000
1145.600                    1097.3000
1146.100                    1045.3000
1146.600                    1090.5000
1147.100                    1060.6000
1147.600                    1031.3000
1148.100                    1043.4000
1148.600                    1058.8000
1149.100                    1097.4000
1149.600                    1120.9000
1150.100                    1155.6000
1150.600                    1171.7000
1151.100                    1127.6000
1151.600                    1112.6000
1152.100                    1069.8000
1152.600                    1117.9000
1153.100                    1104.4000
1153.600                    1153.5000
1154.100                    1205.8000
1154.600                    1251.2000
1155.100                    1254.2000
1155.600                    1195.0000
1156.100                    1139.1000
1156.600                    1088.2000
1157.100                    1036.8000
1157.600                    1017.1000
1158.100                    1020.7000
1158.600                     995.4000
1159.100                     978.6000
1159.600                     965.5000
1160.100                     998.1000
1160.600                    1030.9000
1161.100                     947.8000
1161.600                     943.0000
1162.100                     925.6000
1162.600                     935.9000
1163.100                     995.0000
1163.600                     925.0000
1164.100                     938.9000
1164.600                     951.5000
1165.100                    1022.1000
1165.600                    1017.0000
1166.100                     969.5000
1166.600                     976.1000
1167.100                    1012.0000
1167.600                    1039.2000
1168.100                    1056.6000
1168.600                    1202.5000
1169.100                    1304.7000
1169.600                    1369.8000
1170.100                    1391.2000
1170.600                    1348.8000
1171.100                    1269.1000
1171.600                    1258.5000
1172.100                    1159.6000
1172.600                    1088.2000
1173.100                     976.3000
1173.600                     957.5000
1174.100                     945.8000
1174.600                     868.7000
1175.100                     912.8000
1175.600                     908.0000
1176.100                     864.5000
1176.600                     886.5000
1177.100                     900.3000
1177.600                     911.1000
1178.100                     892.5000
1178.600                     888.6000
1179.100                     869.1000
1179.600                     911.7000
1180.100                     935.6000
1180.600                     892.6000
1181.100                     902.8000
1181.600                     870.9000
1182.100                     876.1000
1182.600                     908.7000
1183.100                     915.4000
1183.600                     929.4000
1184.100                     881.9000
1184.600                     849.6000
1185.100                     838.0000
1185.600                     860.6000
1186.100                     884.6000
1186.600                     868.8000
1187.100                     886.2000
1187.600                     877.2000
1188.100                     846.3000
1188.600                     823.5000
1189.100                     875.7000
1189.600                     819.0000
1190.100                     833.6000
1190.600                     847.0000
1191.100                     804.4000
1191.600                     882.3000
1192.100                     938.5000
1192.600                     977.6000
1193.100                    1001.8000
1193.600                     931.5000
1194.100                     959.2000
1194.600                     925.5000
1195.100                     870.9000
1195.600                     875.1000
1196.100                     853.0000
1196.600                     837.5000
1197.100                     861.9000
1197.600                     844.2000
1198.100                     820.0000
1198.600                     847.9000
1199.100                     817.6000
1199.600                     829.0000
1200.100                     842.2000
1200.600                     848.6000
1201.100                     796.8000
1201.600                     763.0000
1202.100                     844.6000
1202.600                     807.3000
1203.100                     762.9000
1203.600                     752.8000
1204.100                     733.1000
1204.600                     780.1000
1205.100                     769.6000
1205.600                     795.8000
1206.100                     780.8000
1206.600                     786.2000
1207.100                     830.9000
1207.600                     819.1000
1208.100                     854.2000
1208.600                     775.4000
1209.100                     773.7000
1209.600                     775.9000
1210.100                     712.4000
1210.600                     758.3000
1211.100                     753.6000
1211.600                     742.7000
1212.100                     769.1000
1212.600                     747.5000
1213.100                     731.4000
1213.600                     761.8000
1214.100                     786.2000
1214.600                     772.0000
1215.100                     754.1000
1215.600                     730.0000
1216.100                     778.3000
1216.600                     782.2000
1217.100                     837.2000
1217.600                     833.6000
1218.100                     859.9000
1218.600                     947.4000
1219.100                     914.7000
1219.600                     907.9000
1220.100                     857.2000
1220.600                     893.1000
1221.100                     855.1000
1221.600                     803.9000
1222.100                     755.0000
1222.600                     739.7000
1223.100                     734.1000
1223.600                     712.6000
1224.100                     733.7000
1224.600                     750.2000
1225.100                     675.7000
1225.600                     703.1000
1226.100                     691.9000
1226.600                     688.1000
1227.100                     709.3000
1227.600                     693.1000
1228.100                     707.9000
1228.600                     704.0000
1229.100                     698.1000
1229.600                     716.8000
1230.100                     688.4000
1230.600                     701.9000
1231.100                     733.5000
1231.600                     730.2000
1232.100                     740.5000
1232.600                     735.2000
1233.100                     721.4000
1233.600                     706.1000
1234.100                     740.4000
1234.600                     756.1000
1235.100                     750.1000
1235.600                     720.6000
1236.100                     703.9000
1236.600                     725.5000
1237.100                     726.9000
1237.600                     737.4000
1238.100                     737.4000
1238.600                     685.1000
1239.100                     673.5000
1239.600                     717.7000
1240.100                     693.1000
1240.600                     674.6000
1241.100                     656.1000
1241.600                     625.2000
1242.100                     600.9000
1242.600                     671.5000
1243.100                     685.0000
1243.600                     633.5000
1244.100                     626.6000
1244.600                     635.8000
1245.100                     656.5000
1245.600                     621.3000
1246.100                     669.9000
1246.600                     656.6000
1247.100                     631.0000
1247.600                     680.7000
1248.100                     649.1000
1248.600                     665.1000
1249.100                     623.7000
1249.600                     615.9000
1250.100                     620.2000
1250.600                     613.1000
1251.100                     622.9000
1251.600                     645.3000
1252.100                     639.0000
1252.600                     653.0000
1253.100                     631.4000
1253.600                     661.0000
1254.100                     667.0000
1254.600                     641.3000
1255.100                     578.2000
1255.600                     608.7000
1256.100                     612.6000
1256.600                     620.0000
1257.100                     595.8000
1257.600                     661.5000
1258.100                     608.2000
1258.600                     600.9000
1259.100                     590.5000
1259.600                     584.0000
