# Transition                       
# Notes                           
# Creation Comment                
# Energy Mode                     KE
# Start Energy in eV              10
# End Energy in eV                33
# Energy Step in eV               0.05
# Number Of Sweeps                2
# Dwell Time per Sweep in s       0.2
# Analyser Mode                   CAE
# Pass Energy in eV/Retard Ratio  5
# Magnification                   low
# Divide Voltages By 10           off
# Excitation Source               Mg Ka 1253.6 eV normal
# Excitation Energy in eV         1253.6
# Analyser Workfunction in eV     4.5
# Entrance Slit                   6 x 12 mm
# Exit Slit                       5 x 11 mm
# 
# 
# Kinetic Energy in eV         Counts
# --------------------         ------
10.000                    287558.1000
10.050                    285608.6000
10.100                    286616.8000
10.150                    286166.6000
10.200                    286135.9000
10.250                    287027.7000
10.300                    286531.3000
10.350                    285911.5000
10.400                    286323.3000
10.450                    287203.8000
10.500                    288717.6000
10.550                    288773.4000
10.600                    289359.2000
10.650                    289936.1000
10.700                    290529.4000
10.750                    291037.9000
10.800                    290340.6000
10.850                    291150.4000
10.900                    292145.8000
10.950                    291899.1000
11.000                    292722.8000
11.050                    292013.2000
11.100                    293225.6000
11.150                    292396.7000
11.200                    292323.1000
11.250                    292111.9000
11.300                    292143.8000
11.350                    291350.5000
11.400                    291610.1000
11.450                    290683.5000
11.500                    289963.2000
11.550                    290013.7000
11.600                    290411.4000
11.650                    289116.6000
11.700                    289049.4000
11.750                    289329.8000
11.800                    288906.3000
11.850                    289517.2000
11.900                    288376.5000
11.950                    289475.3000
12.000                    288821.0000
12.050                    288902.7000
12.100                    288811.9000
12.150                    288960.2000
12.200                    290955.3000
12.250                    291267.1000
12.300                    292571.3000
12.350                    293021.5000
12.400                    294430.7000
12.450                    295184.0000
12.500                    295557.1000
12.550                    297023.5000
12.600                    297798.8000
12.650                    299132.2000
12.700                    299652.2000
12.750                    300819.0000
12.800                    302007.2000
12.850                    302984.4000
12.900                    305033.3000
12.950                    306628.4000
13.000                    308389.0000
13.050                    311339.3000
13.100                    314427.4000
13.150                    317130.6000
13.200                    321895.5000
13.250                    326485.9000
13.300                    332868.1000
13.350                    339820.0000
13.400                    348226.0000
13.450                    357753.6000
13.500                    369845.1000
13.550                    383467.3000
13.600                    401175.4000
13.650                    421834.2000
13.700                    448603.1000
13.750                    482729.6000
13.800                    528353.4000
13.850                    588951.9000
13.900                    664579.3000
13.950                    764380.5000
14.000                    867335.4000
14.050                    974436.8000
14.100                   1083692.5000
14.150                   1156144.0000
14.200                   1225156.7000
14.250                   1276865.1000
14.300                   1313406.2000
14.350                   1326185.5000
14.400                   1344480.8000
14.450                   1356981.2000
14.500                   1382084.6000
14.550                   1374330.2000
14.600                   1374239.1000
14.650                   1385452.5000
14.700                   1396533.5000
14.750                   1385546.7000
14.800                   1373626.1000
14.850                   1374380.5000
14.900                   1368913.4000
14.950                   1371385.1000
15.000                   1369904.8000
15.050                   1358203.1000
15.100                   1358255.4000
15.150                   1352005.0000
15.200                   1339284.5000
15.250                   1334228.9000
15.300                   1323440.9000
15.350                   1313053.8000
15.400                   1299753.3000
15.450                   1285652.7000
15.500                   1282319.1000
15.550                   1257439.0000
15.600                   1251730.3000
15.650                   1226791.8000
15.700                   1209432.2000
15.750                   1196749.5000
15.800                   1173807.0000
15.850                   1155799.0000
15.900                   1136714.2000
15.950                   1116379.1000
16.000                   1097111.5000
16.050                   1076485.7000
16.100                   1056227.8000
16.150                   1043332.8000
16.200                   1017492.6000
16.250                    998575.3000
16.300                    979597.0000
16.350                    960433.3000
16.400                    940426.3000
16.450                    924295.3000
16.500                    904293.3000
16.550                    886616.2000
16.600                    868073.5000
16.650                    850565.9000
16.700                    834439.7000
16.750                    816814.5000
16.800                    799158.1000
16.850                    782238.4000
16.900                    766242.5000
16.950                    753446.7000
17.000                    736619.6000
17.050                    721044.3000
17.100                    707003.1000
17.150                    692385.0000
17.200                    677402.6000
17.250                    665152.8000
17.300                    650370.7000
17.350                    637142.0000
17.400                    624762.9000
17.450                    613181.4000
17.500                    600656.9000
17.550                    588097.9000
17.600                    576516.2000
17.650                    565363.7000
17.700                    554752.1000
17.750                    543830.7000
17.800                    532237.3000
17.850                    522626.9000
17.900                    511979.5000
17.950                    502689.4000
18.000                    492974.0000
18.050                    484299.8000
18.100                    474311.6000
18.150                    466191.8000
18.200                    456419.9000
18.250                    448117.4000
18.300                    439542.1000
18.350                    431083.9000
18.400                    422348.9000
18.450                    413658.2000
18.500                    405804.8000
18.550                    398897.9000
18.600                    391954.0000
18.650                    384395.2000
18.700                    377008.2000
18.750                    369452.9000
18.800                    363603.2000
18.850                    355564.2000
18.900                    348954.3000
18.950                    343563.7000
19.000                    336363.0000
19.050                    330098.4000
19.100                    324258.2000
19.150                    317727.9000
19.200                    312016.9000
19.250                    307018.9000
19.300                    300395.5000
19.350                    295416.4000
19.400                    290926.0000
19.450                    285305.4000
19.500                    279821.2000
19.550                    274751.5000
19.600                    269863.1000
19.650                    265834.0000
19.700                    261149.0000
19.750                    256263.4000
19.800                    251333.5000
19.850                    247109.7000
19.900                    242906.9000
19.950                    238729.8000
20.000                    234268.2000
20.050                    229965.7000
20.100                    226774.2000
20.150                    222266.0000
20.200                    218732.3000
20.250                    215031.9000
20.300                    211027.3000
20.350                    207981.8000
20.400                    204324.5000
20.450                    201174.4000
20.500                    196757.6000
20.550                    194198.5000
20.600                    191613.8000
20.650                    187857.5000
20.700                    185095.5000
20.750                    182089.3000
20.800                    178713.5000
20.850                    175821.7000
20.900                    173658.1000
20.950                    170515.5000
21.000                    167584.0000
21.050                    164923.5000
21.100                    162498.4000
21.150                    160859.0000
21.200                    157722.4000
21.250                    155719.6000
21.300                    153094.3000
21.350                    150311.2000
21.400                    148454.0000
21.450                    146290.6000
21.500                    143471.6000
21.550                    141919.7000
21.600                    139217.7000
21.650                    137365.8000
21.700                    135363.6000
21.750                    133089.0000
21.800                    131263.9000
21.850                    129801.7000
21.900                    127685.2000
21.950                    125612.4000
22.000                    123671.1000
22.050                    122396.2000
22.100                    120539.2000
22.150                    118694.7000
22.200                    117188.5000
22.250                    115549.9000
22.300                    114165.0000
22.350                    112033.8000
22.400                    110266.3000
22.450                    109572.4000
22.500                    107593.2000
22.550                    106094.0000
22.600                    104774.4000
22.650                    103499.4000
22.700                    101826.6000
22.750                    100563.9000
22.800                     99008.1000
22.850                     97463.0000
22.900                     96241.6000
22.950                     94596.9000
23.000                     93789.2000
23.050                     92264.7000
23.100                     91708.7000
23.150                     89634.6000
23.200                     88550.3000
23.250                     87574.0000
23.300                     86823.4000
23.350                     85349.3000
23.400                     84105.6000
23.450                     83433.9000
23.500                     81974.3000
23.550                     80610.6000
23.600                     80158.5000
23.650                     78788.2000
23.700                     78013.8000
23.750                     76980.7000
23.800                     76357.1000
23.850                     74913.0000
23.900                     74009.9000
23.950                     73099.3000
24.000                     71845.6000
24.050                     71143.5000
24.100                     70423.0000
24.150                     69390.3000
24.200                     68747.9000
24.250                     67558.0000
24.300                     66810.8000
24.350                     66434.5000
24.400                     65654.1000
24.450                     64351.3000
24.500                     63508.9000
24.550                     62605.7000
24.600                     62066.8000
24.650                     61416.1000
24.700                     60706.8000
24.750                     59902.9000
24.800                     59041.0000
24.850                     58636.2000
24.900                     57881.4000
24.950                     57274.2000
25.000                     56713.7000
25.050                     56028.7000
25.100                     55332.1000
25.150                     54273.1000
25.200                     53665.4000
25.250                     53260.0000
25.300                     52570.8000
25.350                     51872.2000
25.400                     51197.4000
25.450                     50567.8000
25.500                     50083.7000
25.550                     49443.7000
25.600                     48892.3000
25.650                     48520.1000
25.700                     48118.0000
25.750                     47282.5000
25.800                     46953.8000
25.850                     46079.5000
25.900                     45613.1000
25.950                     45250.5000
26.000                     44750.3000
26.050                     44324.3000
26.100                     43733.7000
26.150                     43430.1000
26.200                     42665.7000
26.250                     42547.6000
26.300                     41986.5000
26.350                     41420.8000
26.400                     40845.6000
26.450                     40221.5000
26.500                     40013.2000
26.550                     39475.0000
26.600                     39242.7000
26.650                     38447.1000
26.700                     37992.6000
26.750                     37882.7000
26.800                     37799.3000
26.850                     37171.5000
26.900                     36859.7000
26.950                     36503.4000
27.000                     35864.1000
27.050                     35536.4000
27.100                     34986.6000
27.150                     34865.7000
27.200                     34652.2000
27.250                     34004.4000
27.300                     33629.8000
27.350                     33155.2000
27.400                     32993.9000
27.450                     32595.0000
27.500                     32372.0000
27.550                     31959.6000
27.600                     31511.7000
27.650                     31429.1000
27.700                     31050.1000
27.750                     30817.2000
27.800                     30315.2000
27.850                     30170.0000
27.900                     29789.7000
27.950                     29402.2000
28.000                     29542.0000
28.050                     29182.8000
28.100                     28824.6000
28.150                     28436.3000
28.200                     28023.4000
28.250                     27871.1000
28.300                     27596.0000
28.350                     27277.2000
28.400                     27126.1000
28.450                     26774.2000
28.500                     26581.1000
28.550                     26347.8000
28.600                     26129.9000
28.650                     25864.2000
28.700                     25556.8000
28.750                     25209.7000
28.800                     24865.2000
28.850                     24835.2000
28.900                     24745.3000
28.950                     24235.3000
29.000                     24207.0000
29.050                     24031.3000
29.100                     23825.7000
29.150                     23336.3000
29.200                     23271.9000
29.250                     23133.8000
29.300                     22851.8000
29.350                     22580.9000
29.400                     22442.4000
29.450                     22139.4000
29.500                     21911.2000
29.550                     21784.2000
29.600                     21648.0000
29.650                     21294.4000
29.700                     21009.4000
29.750                     20828.8000
29.800                     20792.5000
29.850                     20592.1000
29.900                     20339.2000
29.950                     20218.4000
30.000                     20304.9000
30.050                     20060.9000
30.100                     19825.2000
30.150                     19547.3000
30.200                     19349.5000
30.250                     19296.2000
30.300                     19154.0000
30.350                     18890.8000
30.400                     18613.5000
30.450                     18427.3000
30.500                     18100.5000
30.550                     18197.8000
30.600                     18145.2000
30.650                     17880.3000
30.700                     18098.6000
30.750                     17832.9000
30.800                     17711.9000
30.850                     17311.7000
30.900                     17385.8000
30.950                     17206.9000
31.000                     16895.3000
31.050                     16668.1000
31.100                     16634.7000
31.150                     16446.1000
31.200                     16299.6000
31.250                     16357.4000
31.300                     16103.3000
31.350                     15834.9000
31.400                     15808.1000
31.450                     15607.0000
31.500                     15640.2000
31.550                     15664.9000
31.600                     15385.0000
31.650                     15386.2000
31.700                     15105.7000
31.750                     14949.3000
31.800                     14733.7000
31.850                     14845.5000
31.900                     14495.8000
31.950                     14558.4000
32.000                     14390.8000
32.050                     14231.8000
32.100                     14034.2000
32.150                     14039.5000
32.200                     14038.6000
32.250                     13967.9000
32.300                     13857.3000
32.350                     13485.1000
32.400                     13388.0000
32.450                     13259.5000
32.500                     13261.6000
32.550                     13211.5000
32.600                     13358.6000
32.650                     13196.4000
32.700                     12972.1000
32.750                     12805.1000
32.800                     12562.5000
32.850                     12712.7000
32.900                     12535.0000
32.950                     12540.7000
33.000                     12474.8000
