# Transition                      wide 
# Notes                           
# Creation Comment                
# Energy Mode                     KE
# Start Energy in eV              149.6
# End Energy in eV                1259.6
# Energy Step in eV               0.5
# Number Of Sweeps                1
# Dwell Time per Sweep in s       0.3
# Analyser Mode                   CAE
# Pass Energy in eV/Retard Ratio  50
# Magnification                   high
# Divide Voltages By 10           off
# Excitation Source               Mg Ka 1253.6 eV normal
# Excitation Energy in eV         1253.6
# Analyser Workfunction in eV     4.5
# Entrance Slit                   6 x 12 mm
# Exit Slit                       5 x 11 mm
# 
# 
# Kinetic Energy in eV         Counts
# --------------------         ------
149.600                   141772.0000
150.100                   141493.5000
150.600                   140865.0000
151.100                   140477.0000
151.600                   140748.4000
152.100                   139839.2000
152.600                   139239.1000
153.100                   137635.9000
153.600                   137648.1000
154.100                   136654.1000
154.600                   137096.5000
155.100                   135533.8000
155.600                   135102.5000
156.100                   134629.7000
156.600                   134172.2000
157.100                   132842.1000
157.600                   132352.3000
158.100                   132290.1000
158.600                   131555.8000
159.100                   130962.2000
159.600                   130736.6000
160.100                   130372.0000
160.600                   130740.5000
161.100                   130655.6000
161.600                   129923.4000
162.100                   129250.9000
162.600                   128915.5000
163.100                   128218.9000
163.600                   128004.0000
164.100                   126719.3000
164.600                   126877.8000
165.100                   125506.5000
165.600                   125221.8000
166.100                   125122.4000
166.600                   124845.4000
167.100                   124117.5000
167.600                   123661.5000
168.100                   123258.1000
168.600                   122803.5000
169.100                   122271.8000
169.600                   121659.0000
170.100                   121497.8000
170.600                   120995.9000
171.100                   120324.1000
171.600                   120209.2000
172.100                   119644.1000
172.600                   119082.5000
173.100                   118696.0000
173.600                   118542.4000
174.100                   117845.4000
174.600                   116891.8000
175.100                   117231.6000
175.600                   116614.6000
176.100                   116135.7000
176.600                   115669.5000
177.100                   115417.1000
177.600                   115446.4000
178.100                   114812.6000
178.600                   115031.3000
179.100                   114329.3000
179.600                   113835.4000
180.100                   113878.4000
180.600                   113689.2000
181.100                   113363.6000
181.600                   113058.7000
182.100                   112011.0000
182.600                   112499.5000
183.100                   112123.9000
183.600                   112271.5000
184.100                   111696.9000
184.600                   111566.6000
185.100                   111639.4000
185.600                   110881.0000
186.100                   110726.8000
186.600                   110355.8000
187.100                   109753.5000
187.600                   109493.8000
188.100                   109235.7000
188.600                   108813.7000
189.100                   108565.8000
189.600                   107947.5000
190.100                   108274.4000
190.600                   108406.0000
191.100                   107191.9000
191.600                   106762.4000
192.100                   106191.2000
192.600                   106271.0000
193.100                   105933.0000
193.600                   105312.9000
194.100                   105256.5000
194.600                   105380.8000
195.100                   104886.8000
195.600                   104980.7000
196.100                   104643.2000
196.600                   103992.3000
197.100                   103399.8000
197.600                   103858.3000
198.100                   103793.6000
198.600                   103604.9000
199.100                   102707.5000
199.600                   102022.4000
200.100                   102919.4000
200.600                   102341.1000
201.100                   101831.3000
201.600                   101792.2000
202.100                   101625.9000
202.600                   101701.9000
203.100                   101286.2000
203.600                   100783.3000
204.100                   100074.0000
204.600                    99906.3000
205.100                   100682.9000
205.600                    99920.2000
206.100                    99397.5000
206.600                    99001.3000
207.100                    99041.4000
207.600                    98273.7000
208.100                    98311.4000
208.600                    98389.1000
209.100                    97759.8000
209.600                    97973.4000
210.100                    97371.2000
210.600                    96924.9000
211.100                    97325.3000
211.600                    97484.8000
212.100                    96886.2000
212.600                    96362.0000
213.100                    96778.4000
213.600                    96323.4000
214.100                    95811.7000
214.600                    96152.8000
215.100                    96152.0000
215.600                    95468.0000
216.100                    95417.5000
216.600                    95349.4000
217.100                    95409.4000
217.600                    94531.9000
218.100                    94555.7000
218.600                    94282.0000
219.100                    94337.6000
219.600                    94034.9000
220.100                    94204.2000
220.600                    93815.0000
221.100                    93377.5000
221.600                    93001.7000
222.100                    92859.3000
222.600                    92721.2000
223.100                    92446.8000
223.600                    92131.0000
224.100                    92538.1000
224.600                    91643.5000
225.100                    91711.3000
225.600                    91658.7000
226.100                    91448.1000
226.600                    90900.8000
227.100                    90912.7000
227.600                    90741.4000
228.100                    90590.8000
228.600                    90121.1000
229.100                    90541.2000
229.600                    90066.0000
230.100                    89480.4000
230.600                    89523.8000
231.100                    89558.0000
231.600                    89183.7000
232.100                    89543.9000
232.600                    88938.0000
233.100                    88814.5000
233.600                    89272.1000
234.100                    89101.1000
234.600                    89296.1000
235.100                    89271.8000
235.600                    89095.4000
236.100                    88684.2000
236.600                    88537.6000
237.100                    88809.0000
237.600                    89237.8000
238.100                    89530.8000
238.600                    89613.0000
239.100                    89571.0000
239.600                    89114.9000
240.100                    89369.4000
240.600                    89291.6000
241.100                    89132.7000
241.600                    88267.2000
242.100                    87702.9000
242.600                    86991.0000
243.100                    86456.7000
243.600                    85835.4000
244.100                    85855.3000
244.600                    85500.1000
245.100                    85048.3000
245.600                    84557.1000
246.100                    84378.9000
246.600                    83670.6000
247.100                    83466.8000
247.600                    83673.3000
248.100                    83199.0000
248.600                    82718.5000
249.100                    82651.8000
249.600                    82484.3000
250.100                    82061.4000
250.600                    81673.1000
251.100                    81805.8000
251.600                    81555.8000
252.100                    81931.6000
252.600                    81655.7000
253.100                    82055.2000
253.600                    81327.6000
254.100                    81398.2000
254.600                    81684.1000
255.100                    81413.6000
255.600                    81432.9000
256.100                    81787.9000
256.600                    81784.9000
257.100                    81568.9000
257.600                    81226.1000
258.100                    81359.9000
258.600                    81212.3000
259.100                    81364.3000
259.600                    80595.0000
260.100                    80538.1000
260.600                    80041.4000
261.100                    79722.7000
261.600                    79316.5000
262.100                    78937.9000
262.600                    78701.3000
263.100                    78636.4000
263.600                    78215.2000
264.100                    77972.6000
264.600                    77241.4000
265.100                    77372.1000
265.600                    76895.2000
266.100                    77006.7000
266.600                    76810.8000
267.100                    76422.1000
267.600                    75510.5000
268.100                    75252.8000
268.600                    74921.9000
269.100                    74792.9000
269.600                    74709.8000
270.100                    73935.1000
270.600                    73822.9000
271.100                    73483.9000
271.600                    73276.4000
272.100                    73397.2000
272.600                    73033.3000
273.100                    72209.6000
273.600                    72285.6000
274.100                    71507.9000
274.600                    71844.6000
275.100                    72023.0000
275.600                    71636.6000
276.100                    71352.8000
276.600                    71092.4000
277.100                    70987.6000
277.600                    70739.7000
278.100                    71004.5000
278.600                    70548.4000
279.100                    71020.7000
279.600                    70085.2000
280.100                    70338.1000
280.600                    70277.9000
281.100                    70186.3000
281.600                    70220.3000
282.100                    70063.2000
282.600                    69820.5000
283.100                    69923.2000
283.600                    69811.7000
284.100                    69746.3000
284.600                    69363.8000
285.100                    69190.7000
285.600                    69036.0000
286.100                    69491.8000
286.600                    69155.0000
287.100                    68806.2000
287.600                    69286.4000
288.100                    68709.7000
288.600                    68827.1000
289.100                    68430.4000
289.600                    69048.7000
290.100                    69001.4000
290.600                    68802.5000
291.100                    68346.6000
291.600                    68285.5000
292.100                    68142.5000
292.600                    68406.9000
293.100                    68319.6000
293.600                    67981.3000
294.100                    67717.0000
294.600                    67684.5000
295.100                    67748.8000
295.600                    67542.7000
296.100                    68257.3000
296.600                    68006.0000
297.100                    67710.5000
297.600                    67224.2000
298.100                    67278.2000
298.600                    67572.4000
299.100                    67638.4000
299.600                    67565.2000
300.100                    67231.3000
300.600                    66934.9000
301.100                    66990.6000
301.600                    67219.3000
302.100                    67212.2000
302.600                    67109.7000
303.100                    66864.4000
303.600                    67002.9000
304.100                    66620.0000
304.600                    66230.0000
305.100                    66096.9000
305.600                    66210.0000
306.100                    66357.3000
306.600                    66308.6000
307.100                    66615.9000
307.600                    66175.6000
308.100                    65984.5000
308.600                    65942.5000
309.100                    65821.4000
309.600                    65726.4000
310.100                    65433.4000
310.600                    65340.9000
311.100                    65583.3000
311.600                    65914.0000
312.100                    66060.7000
312.600                    65685.2000
313.100                    65622.6000
313.600                    65629.7000
314.100                    65629.0000
314.600                    65511.6000
315.100                    65177.3000
315.600                    65286.2000
316.100                    64968.4000
316.600                    65044.7000
317.100                    65382.0000
317.600                    65487.0000
318.100                    65046.3000
318.600                    65254.6000
319.100                    65419.3000
319.600                    65033.3000
320.100                    64777.8000
320.600                    65082.3000
321.100                    65317.8000
321.600                    64721.6000
322.100                    64922.6000
322.600                    64821.9000
323.100                    65001.5000
323.600                    64850.1000
324.100                    64516.2000
324.600                    64558.0000
325.100                    64359.5000
325.600                    63755.4000
326.100                    63832.5000
326.600                    64332.1000
327.100                    64116.0000
327.600                    64336.1000
328.100                    64169.4000
328.600                    64456.4000
329.100                    64226.9000
329.600                    64215.7000
330.100                    64043.5000
330.600                    64176.5000
331.100                    64012.4000
331.600                    63593.7000
332.100                    63147.6000
332.600                    63115.4000
333.100                    63834.0000
333.600                    63396.1000
334.100                    63339.8000
334.600                    63224.8000
335.100                    63208.4000
335.600                    63276.3000
336.100                    62846.1000
336.600                    63379.7000
337.100                    63053.4000
337.600                    63370.6000
338.100                    62958.3000
338.600                    63051.1000
339.100                    63252.3000
339.600                    62838.1000
340.100                    62777.9000
340.600                    63029.9000
341.100                    63131.7000
341.600                    62707.9000
342.100                    62723.6000
342.600                    62642.3000
343.100                    62489.4000
343.600                    61870.4000
344.100                    62330.4000
344.600                    62323.4000
345.100                    62274.4000
345.600                    62216.3000
346.100                    62084.0000
346.600                    62059.1000
347.100                    61967.2000
347.600                    61726.6000
348.100                    62316.1000
348.600                    62059.7000
349.100                    62106.9000
349.600                    61990.3000
350.100                    61973.4000
350.600                    61584.4000
351.100                    61593.0000
351.600                    61424.7000
352.100                    61621.7000
352.600                    61466.5000
353.100                    61763.8000
353.600                    61628.0000
354.100                    61545.9000
354.600                    61761.3000
355.100                    61440.6000
355.600                    61146.4000
356.100                    60989.6000
356.600                    61185.5000
357.100                    61167.2000
357.600                    61445.2000
358.100                    60868.9000
358.600                    61297.8000
359.100                    60714.1000
359.600                    60373.3000
360.100                    60813.9000
360.600                    60743.9000
361.100                    60711.9000
361.600                    60234.7000
362.100                    60679.7000
362.600                    60694.5000
363.100                    60824.2000
363.600                    60447.4000
364.100                    60502.5000
364.600                    60295.8000
365.100                    60346.3000
365.600                    60494.9000
366.100                    60049.5000
366.600                    59975.4000
367.100                    59972.6000
367.600                    59875.3000
368.100                    59779.9000
368.600                    59993.3000
369.100                    59903.9000
369.600                    59745.6000
370.100                    59489.8000
370.600                    60019.7000
371.100                    59481.9000
371.600                    59871.5000
372.100                    59722.5000
372.600                    59941.1000
373.100                    59822.8000
373.600                    59663.2000
374.100                    59575.0000
374.600                    59139.7000
375.100                    59147.0000
375.600                    58948.2000
376.100                    59083.3000
376.600                    59493.8000
377.100                    59354.1000
377.600                    59347.4000
378.100                    59266.4000
378.600                    59170.7000
379.100                    58818.6000
379.600                    59127.6000
380.100                    59087.3000
380.600                    58958.7000
381.100                    58756.6000
381.600                    58661.1000
382.100                    58589.1000
382.600                    58973.5000
383.100                    58716.1000
383.600                    58345.8000
384.100                    58432.3000
384.600                    58513.6000
385.100                    58672.5000
385.600                    58662.2000
386.100                    58392.5000
386.600                    58611.2000
387.100                    58419.8000
387.600                    58360.8000
388.100                    58353.3000
388.600                    58518.7000
389.100                    58429.4000
389.600                    58530.0000
390.100                    58313.9000
390.600                    57907.6000
391.100                    58249.2000
391.600                    58380.5000
392.100                    58185.4000
392.600                    58108.0000
393.100                    58231.6000
393.600                    58518.6000
394.100                    58015.5000
394.600                    57966.9000
395.100                    58147.0000
395.600                    58117.1000
396.100                    58060.5000
396.600                    57932.6000
397.100                    57820.2000
397.600                    57924.9000
398.100                    57840.7000
398.600                    57715.2000
399.100                    57890.9000
399.600                    57528.4000
400.100                    57600.1000
400.600                    57492.4000
401.100                    57271.1000
401.600                    57922.6000
402.100                    57755.7000
402.600                    57491.0000
403.100                    57598.9000
403.600                    57258.9000
404.100                    57337.0000
404.600                    57504.0000
405.100                    57086.1000
405.600                    57169.7000
406.100                    57193.0000
406.600                    57203.0000
407.100                    57569.3000
407.600                    57098.9000
408.100                    57014.3000
408.600                    56784.6000
409.100                    57184.3000
409.600                    56876.1000
410.100                    56805.0000
410.600                    56506.3000
411.100                    56534.0000
411.600                    56854.3000
412.100                    56852.1000
412.600                    56680.2000
413.100                    56663.1000
413.600                    56822.7000
414.100                    56691.9000
414.600                    56398.9000
415.100                    56276.8000
415.600                    56437.9000
416.100                    56573.8000
416.600                    56677.9000
417.100                    56352.3000
417.600                    56301.5000
418.100                    56461.3000
418.600                    56046.1000
419.100                    56154.9000
419.600                    55936.5000
420.100                    56191.5000
420.600                    56109.2000
421.100                    56348.0000
421.600                    56328.8000
422.100                    56289.9000
422.600                    56267.6000
423.100                    56125.7000
423.600                    56162.9000
424.100                    56159.1000
424.600                    55949.6000
425.100                    55586.9000
425.600                    55689.9000
426.100                    55572.8000
426.600                    55390.8000
427.100                    55135.3000
427.600                    55530.9000
428.100                    55246.2000
428.600                    54950.4000
429.100                    54941.3000
429.600                    55062.1000
430.100                    54898.8000
430.600                    54895.8000
431.100                    54615.1000
431.600                    54597.4000
432.100                    54642.3000
432.600                    54720.2000
433.100                    54929.9000
433.600                    54656.7000
434.100                    55265.0000
434.600                    55300.4000
435.100                    55664.2000
435.600                    56021.2000
436.100                    56656.1000
436.600                    57589.5000
437.100                    57626.2000
437.600                    57927.1000
438.100                    57439.2000
438.600                    56260.8000
439.100                    56758.0000
439.600                    57075.6000
440.100                    57603.0000
440.600                    57776.6000
441.100                    57256.4000
441.600                    56589.0000
442.100                    55931.6000
442.600                    54984.8000
443.100                    54280.2000
443.600                    53670.4000
444.100                    53176.6000
444.600                    53290.7000
445.100                    52687.1000
445.600                    52709.8000
446.100                    52982.2000
446.600                    52864.9000
447.100                    52905.4000
447.600                    52625.7000
448.100                    52466.3000
448.600                    52350.8000
449.100                    52327.5000
449.600                    52576.4000
450.100                    52200.7000
450.600                    52055.6000
451.100                    52313.6000
451.600                    52414.8000
452.100                    52174.0000
452.600                    52190.7000
453.100                    51925.8000
453.600                    52000.2000
454.100                    52109.1000
454.600                    52234.6000
455.100                    51991.6000
455.600                    51899.3000
456.100                    52112.6000
456.600                    51972.5000
457.100                    52309.4000
457.600                    51839.6000
458.100                    52153.8000
458.600                    51868.0000
459.100                    51889.9000
459.600                    51898.0000
460.100                    51660.0000
460.600                    51524.1000
461.100                    51684.3000
461.600                    51699.4000
462.100                    51848.0000
462.600                    51141.2000
463.100                    51583.9000
463.600                    51691.7000
464.100                    51577.9000
464.600                    51518.6000
465.100                    51451.3000
465.600                    51222.2000
466.100                    51059.5000
466.600                    51389.7000
467.100                    51420.4000
467.600                    51410.2000
468.100                    50979.0000
468.600                    51436.3000
469.100                    51144.1000
469.600                    50894.2000
470.100                    50790.7000
470.600                    50937.9000
471.100                    51242.8000
471.600                    51352.3000
472.100                    51152.2000
472.600                    50878.0000
473.100                    51099.5000
473.600                    50841.5000
474.100                    50902.1000
474.600                    50733.9000
475.100                    50434.3000
475.600                    50621.3000
476.100                    50609.6000
476.600                    50419.9000
477.100                    50412.2000
477.600                    50294.1000
478.100                    50356.2000
478.600                    50290.2000
479.100                    50440.8000
479.600                    50589.5000
480.100                    50511.5000
480.600                    50388.4000
481.100                    50355.8000
481.600                    50066.6000
482.100                    50413.3000
482.600                    50321.0000
483.100                    50125.2000
483.600                    50212.2000
484.100                    50340.7000
484.600                    50127.7000
485.100                    50193.6000
485.600                    50128.0000
486.100                    50248.9000
486.600                    50426.4000
487.100                    50038.2000
487.600                    50518.3000
488.100                    50357.4000
488.600                    50538.6000
489.100                    50124.7000
489.600                    50319.3000
490.100                    50330.9000
490.600                    50424.7000
491.100                    50547.1000
491.600                    50678.8000
492.100                    50122.8000
492.600                    50387.4000
493.100                    50342.5000
493.600                    49902.6000
494.100                    49570.0000
494.600                    49394.5000
495.100                    49229.5000
495.600                    49094.9000
496.100                    49099.2000
496.600                    48748.3000
497.100                    48949.4000
497.600                    48986.0000
498.100                    48783.7000
498.600                    48582.0000
499.100                    48809.3000
499.600                    48779.8000
500.100                    48658.5000
500.600                    48559.9000
501.100                    48608.0000
501.600                    48466.4000
502.100                    48319.2000
502.600                    48417.4000
503.100                    48426.7000
503.600                    48815.9000
504.100                    48327.7000
504.600                    48229.7000
505.100                    48383.1000
505.600                    48788.1000
506.100                    48218.7000
506.600                    48581.1000
507.100                    49028.6000
507.600                    49119.9000
508.100                    49084.7000
508.600                    48824.3000
509.100                    48526.2000
509.600                    48605.7000
510.100                    48192.9000
510.600                    48149.3000
511.100                    48083.2000
511.600                    47824.5000
512.100                    47609.8000
512.600                    47553.3000
513.100                    47333.3000
513.600                    47065.2000
514.100                    46990.6000
514.600                    47314.5000
515.100                    47129.7000
515.600                    46736.5000
516.100                    46917.1000
516.600                    46759.0000
517.100                    46708.9000
517.600                    46547.0000
518.100                    46279.0000
518.600                    46137.8000
519.100                    46299.2000
519.600                    46142.8000
520.100                    45742.1000
520.600                    46021.7000
521.100                    45623.8000
521.600                    45972.9000
522.100                    45820.2000
522.600                    45513.7000
523.100                    45753.7000
523.600                    45513.3000
524.100                    45601.0000
524.600                    45623.6000
525.100                    45386.1000
525.600                    45504.2000
526.100                    45637.5000
526.600                    45700.5000
527.100                    45415.1000
527.600                    45521.3000
528.100                    45239.0000
528.600                    45281.7000
529.100                    45328.6000
529.600                    45141.5000
530.100                    45357.4000
530.600                    44951.2000
531.100                    44700.2000
531.600                    44973.5000
532.100                    45370.5000
532.600                    44799.8000
533.100                    45055.3000
533.600                    44564.0000
534.100                    44562.4000
534.600                    45352.8000
535.100                    45276.7000
535.600                    44894.2000
536.100                    44857.4000
536.600                    45006.2000
537.100                    44861.3000
537.600                    44494.4000
538.100                    44659.2000
538.600                    44788.5000
539.100                    44799.8000
539.600                    44586.3000
540.100                    44783.4000
540.600                    44828.1000
541.100                    44545.0000
541.600                    44730.6000
542.100                    44691.5000
542.600                    44335.4000
543.100                    44446.8000
543.600                    44210.4000
544.100                    44196.4000
544.600                    44584.5000
545.100                    44585.0000
545.600                    44334.1000
546.100                    44535.1000
546.600                    44422.0000
547.100                    44294.2000
547.600                    44438.1000
548.100                    44809.0000
548.600                    44639.9000
549.100                    44428.1000
549.600                    44272.3000
550.100                    44149.0000
550.600                    44151.5000
551.100                    44149.5000
551.600                    43975.0000
552.100                    44312.9000
552.600                    44134.4000
553.100                    43896.3000
553.600                    44144.7000
554.100                    43955.0000
554.600                    43899.3000
555.100                    44114.9000
555.600                    44006.2000
556.100                    44089.7000
556.600                    43739.2000
557.100                    43738.0000
557.600                    43772.5000
558.100                    44028.0000
558.600                    43659.9000
559.100                    43951.2000
559.600                    44083.8000
560.100                    43878.9000
560.600                    43787.1000
561.100                    43849.1000
561.600                    43545.8000
562.100                    44153.0000
562.600                    44006.5000
563.100                    43606.3000
563.600                    43742.5000
564.100                    43338.6000
564.600                    43441.2000
565.100                    43954.6000
565.600                    43800.4000
566.100                    43811.5000
566.600                    43651.7000
567.100                    43775.9000
567.600                    43619.5000
568.100                    43638.5000
568.600                    43729.0000
569.100                    43652.6000
569.600                    43615.9000
570.100                    43488.6000
570.600                    43563.5000
571.100                    43383.2000
571.600                    43376.6000
572.100                    43848.3000
572.600                    43362.0000
573.100                    43141.3000
573.600                    43556.3000
574.100                    43530.1000
574.600                    43364.3000
575.100                    43415.4000
575.600                    43222.1000
576.100                    43147.8000
576.600                    43032.3000
577.100                    42824.8000
577.600                    43246.2000
578.100                    43264.6000
578.600                    43132.2000
579.100                    43164.7000
579.600                    43041.0000
580.100                    43091.4000
580.600                    43295.0000
581.100                    43245.7000
581.600                    43268.8000
582.100                    43181.7000
582.600                    42989.8000
583.100                    42935.8000
583.600                    43317.7000
584.100                    42817.8000
584.600                    42931.3000
585.100                    42791.4000
585.600                    42718.2000
586.100                    43134.4000
586.600                    42565.1000
587.100                    42666.4000
587.600                    42974.0000
588.100                    42863.6000
588.600                    42655.6000
589.100                    42600.7000
589.600                    43010.2000
590.100                    42723.1000
590.600                    42773.1000
591.100                    42810.5000
591.600                    42769.7000
592.100                    42837.2000
592.600                    42773.2000
593.100                    42344.2000
593.600                    42610.4000
594.100                    42501.4000
594.600                    42540.7000
595.100                    42585.4000
595.600                    42671.2000
596.100                    42440.8000
596.600                    42676.0000
597.100                    42270.8000
597.600                    42516.1000
598.100                    42825.7000
598.600                    42162.4000
599.100                    42449.2000
599.600                    42388.0000
600.100                    42162.4000
600.600                    42153.2000
601.100                    42534.0000
601.600                    42268.4000
602.100                    42375.3000
602.600                    42028.2000
603.100                    42304.6000
603.600                    42217.9000
604.100                    42397.9000
604.600                    42296.8000
605.100                    42123.3000
605.600                    42579.1000
606.100                    42657.0000
606.600                    42372.0000
607.100                    42673.4000
607.600                    42640.6000
608.100                    42851.4000
608.600                    42946.0000
609.100                    43265.7000
609.600                    43244.8000
610.100                    43205.5000
610.600                    43169.4000
611.100                    43312.6000
611.600                    43133.2000
612.100                    42699.1000
612.600                    42699.4000
613.100                    42795.6000
613.600                    42654.1000
614.100                    42538.9000
614.600                    42060.1000
615.100                    42189.0000
615.600                    41928.9000
616.100                    41831.1000
616.600                    41891.4000
617.100                    41883.0000
617.600                    41689.3000
618.100                    41913.7000
618.600                    41821.3000
619.100                    41648.1000
619.600                    41404.9000
620.100                    41472.1000
620.600                    41334.6000
621.100                    41358.7000
621.600                    41223.0000
622.100                    41315.6000
622.600                    41437.9000
623.100                    41325.1000
623.600                    41096.4000
624.100                    41036.1000
624.600                    40839.6000
625.100                    41058.1000
625.600                    40953.7000
626.100                    40755.1000
626.600                    41090.9000
627.100                    40922.3000
627.600                    41144.7000
628.100                    40930.5000
628.600                    40444.6000
629.100                    40725.9000
629.600                    40589.1000
630.100                    40801.3000
630.600                    40864.8000
631.100                    40789.3000
631.600                    40662.3000
632.100                    40865.7000
632.600                    40961.4000
633.100                    40906.0000
633.600                    40698.9000
634.100                    40650.8000
634.600                    40796.7000
635.100                    40781.0000
635.600                    40959.1000
636.100                    40615.0000
636.600                    40621.3000
637.100                    40646.7000
637.600                    40275.2000
638.100                    40466.9000
638.600                    40620.6000
639.100                    40407.1000
639.600                    40530.9000
640.100                    40688.6000
640.600                    40416.8000
641.100                    40642.1000
641.600                    40755.4000
642.100                    40687.2000
642.600                    40453.3000
643.100                    40485.6000
643.600                    40562.8000
644.100                    40333.6000
644.600                    40428.4000
645.100                    40325.4000
645.600                    40320.1000
646.100                    40754.6000
646.600                    40580.3000
647.100                    40560.9000
647.600                    40879.9000
648.100                    40602.7000
648.600                    40559.6000
649.100                    40402.6000
649.600                    40348.4000
650.100                    40345.9000
650.600                    40859.4000
651.100                    40632.0000
651.600                    40450.8000
652.100                    40467.4000
652.600                    40264.5000
653.100                    40367.6000
653.600                    40452.8000
654.100                    40344.3000
654.600                    40388.7000
655.100                    40874.4000
655.600                    40529.3000
656.100                    40373.7000
656.600                    40200.9000
657.100                    40201.4000
657.600                    40206.4000
658.100                    40716.5000
658.600                    40570.2000
659.100                    40557.0000
659.600                    40245.8000
660.100                    40114.7000
660.600                    40402.7000
661.100                    40296.9000
661.600                    40431.7000
662.100                    40635.1000
662.600                    40732.3000
663.100                    40592.2000
663.600                    40525.2000
664.100                    40329.1000
664.600                    40629.7000
665.100                    40464.9000
665.600                    40701.0000
666.100                    40491.8000
666.600                    40508.6000
667.100                    40637.8000
667.600                    40711.1000
668.100                    40508.1000
668.600                    40190.5000
669.100                    40445.1000
669.600                    40489.9000
670.100                    40540.0000
670.600                    40722.9000
671.100                    40364.4000
671.600                    40854.4000
672.100                    40721.8000
672.600                    40420.9000
673.100                    40655.4000
673.600                    40869.9000
674.100                    40579.4000
674.600                    40349.0000
675.100                    40407.7000
675.600                    40428.2000
676.100                    40493.1000
676.600                    40690.1000
677.100                    40691.3000
677.600                    40707.7000
678.100                    40272.1000
678.600                    40510.7000
679.100                    40372.7000
679.600                    40572.5000
680.100                    40529.7000
680.600                    40509.8000
681.100                    40701.9000
681.600                    40452.1000
682.100                    40256.8000
682.600                    40637.2000
683.100                    40295.0000
683.600                    40354.5000
684.100                    40430.1000
684.600                    40766.2000
685.100                    40548.5000
685.600                    40584.4000
686.100                    40675.7000
686.600                    40730.5000
687.100                    40716.9000
687.600                    40976.2000
688.100                    40549.2000
688.600                    40751.3000
689.100                    41016.2000
689.600                    41252.4000
690.100                    41718.1000
690.600                    41694.8000
691.100                    42004.9000
691.600                    42165.2000
692.100                    42303.1000
692.600                    42143.5000
693.100                    41956.4000
693.600                    41407.0000
694.100                    41128.1000
694.600                    40829.2000
695.100                    40295.5000
695.600                    39982.6000
696.100                    39885.7000
696.600                    39637.2000
697.100                    39497.0000
697.600                    39096.6000
698.100                    39253.4000
698.600                    39299.1000
699.100                    39134.5000
699.600                    39099.4000
700.100                    39419.9000
700.600                    39522.6000
701.100                    39422.3000
701.600                    39349.1000
702.100                    39983.2000
702.600                    40148.9000
703.100                    40421.2000
703.600                    40688.6000
704.100                    41065.1000
704.600                    41781.8000
705.100                    42552.3000
705.600                    43168.1000
706.100                    43679.7000
706.600                    43487.8000
707.100                    43433.7000
707.600                    43268.5000
708.100                    42623.9000
708.600                    42061.9000
709.100                    41042.7000
709.600                    40535.1000
710.100                    39578.7000
710.600                    39112.5000
711.100                    38332.9000
711.600                    38415.3000
712.100                    37712.3000
712.600                    37584.9000
713.100                    37444.7000
713.600                    37232.3000
714.100                    37345.4000
714.600                    36861.5000
715.100                    36970.6000
715.600                    36653.9000
716.100                    36653.9000
716.600                    36845.1000
717.100                    36411.3000
717.600                    36573.8000
718.100                    36507.5000
718.600                    36534.9000
719.100                    36944.1000
719.600                    37543.7000
720.100                    37970.8000
720.600                    38760.3000
721.100                    39875.5000
721.600                    40183.1000
722.100                    39266.4000
722.600                    37310.6000
723.100                    36525.0000
723.600                    35802.0000
724.100                    35541.9000
724.600                    35235.1000
725.100                    35287.4000
725.600                    35002.4000
726.100                    34683.7000
726.600                    34780.3000
727.100                    34663.0000
727.600                    34965.0000
728.100                    35070.3000
728.600                    34783.6000
729.100                    35038.9000
729.600                    34989.6000
730.100                    35230.2000
730.600                    35214.0000
731.100                    35255.2000
731.600                    35007.1000
732.100                    34837.7000
732.600                    34876.2000
733.100                    34685.0000
733.600                    34930.6000
734.100                    34676.6000
734.600                    34391.5000
735.100                    34519.9000
735.600                    34349.8000
736.100                    34419.3000
736.600                    34577.1000
737.100                    34631.9000
737.600                    34390.5000
738.100                    34495.3000
738.600                    34539.2000
739.100                    34530.3000
739.600                    34672.5000
740.100                    34835.0000
740.600                    34774.5000
741.100                    34772.1000
741.600                    34628.7000
742.100                    34704.5000
742.600                    34804.9000
743.100                    34416.7000
743.600                    34495.9000
744.100                    34504.7000
744.600                    34466.0000
745.100                    34844.3000
745.600                    34546.4000
746.100                    34800.7000
746.600                    34587.1000
747.100                    34725.9000
747.600                    34503.7000
748.100                    34921.0000
748.600                    34603.8000
749.100                    34492.1000
749.600                    34333.4000
750.100                    34640.5000
750.600                    34749.7000
751.100                    34698.9000
751.600                    34711.3000
752.100                    34668.2000
752.600                    34594.2000
753.100                    34516.7000
753.600                    34539.7000
754.100                    34807.9000
754.600                    34940.2000
755.100                    34508.3000
755.600                    34826.0000
756.100                    34708.5000
756.600                    34564.4000
757.100                    34222.4000
757.600                    34215.4000
758.100                    34252.6000
758.600                    34415.9000
759.100                    34519.8000
759.600                    34543.7000
760.100                    34452.4000
760.600                    34529.9000
761.100                    34253.6000
761.600                    34318.4000
762.100                    34145.3000
762.600                    34273.6000
763.100                    34449.9000
763.600                    34277.5000
764.100                    34472.2000
764.600                    33959.6000
765.100                    34190.0000
765.600                    34339.5000
766.100                    34146.7000
766.600                    34070.2000
767.100                    33961.2000
767.600                    33857.6000
768.100                    34187.0000
768.600                    34253.7000
769.100                    34450.5000
769.600                    34335.9000
770.100                    34377.5000
770.600                    34314.6000
771.100                    34476.9000
771.600                    34372.1000
772.100                    34606.2000
772.600                    34884.9000
773.100                    34652.1000
773.600                    34710.4000
774.100                    34944.8000
774.600                    35478.0000
775.100                    35445.6000
775.600                    36047.8000
776.100                    36269.2000
776.600                    37088.0000
777.100                    37189.1000
777.600                    37315.8000
778.100                    36855.4000
778.600                    36115.1000
779.100                    36149.2000
779.600                    35367.2000
780.100                    35072.9000
780.600                    34727.8000
781.100                    34388.6000
781.600                    34141.4000
782.100                    34040.0000
782.600                    33583.6000
783.100                    33335.5000
783.600                    33511.3000
784.100                    33360.1000
784.600                    33520.8000
785.100                    33336.8000
785.600                    32880.9000
786.100                    33047.8000
786.600                    33044.0000
787.100                    33153.7000
787.600                    33129.1000
788.100                    32872.5000
788.600                    33168.1000
789.100                    33220.3000
789.600                    32938.5000
790.100                    32898.5000
790.600                    32967.9000
791.100                    33013.6000
791.600                    33072.2000
792.100                    32877.9000
792.600                    32917.7000
793.100                    32704.7000
793.600                    32983.0000
794.100                    32566.2000
794.600                    32599.4000
795.100                    32369.8000
795.600                    32644.9000
796.100                    32484.4000
796.600                    32573.7000
797.100                    32616.7000
797.600                    32524.8000
798.100                    32933.4000
798.600                    32525.6000
799.100                    32637.3000
799.600                    32722.7000
800.100                    32577.5000
800.600                    32628.0000
801.100                    32720.7000
801.600                    32670.4000
802.100                    32603.3000
802.600                    32948.0000
803.100                    32706.0000
803.600                    32758.1000
804.100                    32733.8000
804.600                    32725.6000
805.100                    32879.2000
805.600                    32772.5000
806.100                    32612.1000
806.600                    32508.3000
807.100                    32611.8000
807.600                    32622.4000
808.100                    32827.1000
808.600                    32991.8000
809.100                    32571.5000
809.600                    32603.1000
810.100                    32652.9000
810.600                    32937.0000
811.100                    32811.5000
811.600                    32873.5000
812.100                    32946.9000
812.600                    32671.6000
813.100                    32941.9000
813.600                    33000.7000
814.100                    32835.2000
814.600                    32573.1000
815.100                    32916.5000
815.600                    32833.6000
816.100                    32909.4000
816.600                    32791.1000
817.100                    32832.7000
817.600                    33103.9000
818.100                    33087.1000
818.600                    33171.5000
819.100                    33129.9000
819.600                    33226.9000
820.100                    32809.6000
820.600                    32722.7000
821.100                    33112.6000
821.600                    33307.9000
822.100                    33075.9000
822.600                    32821.6000
823.100                    32990.4000
823.600                    33031.4000
824.100                    33123.6000
824.600                    33118.7000
825.100                    33222.1000
825.600                    33085.3000
826.100                    33119.6000
826.600                    33188.7000
827.100                    33404.6000
827.600                    33393.4000
828.100                    33396.9000
828.600                    33602.8000
829.100                    33339.7000
829.600                    33198.2000
830.100                    33118.2000
830.600                    33369.2000
831.100                    33266.4000
831.600                    33349.2000
832.100                    33310.1000
832.600                    33474.9000
833.100                    33364.3000
833.600                    33390.5000
834.100                    33469.5000
834.600                    33569.9000
835.100                    33400.8000
835.600                    33308.8000
836.100                    33637.3000
836.600                    33652.2000
837.100                    33503.5000
837.600                    33418.0000
838.100                    33535.3000
838.600                    33225.2000
839.100                    33335.7000
839.600                    33415.0000
840.100                    33526.3000
840.600                    33649.8000
841.100                    33355.2000
841.600                    33553.1000
842.100                    33868.5000
842.600                    33467.2000
843.100                    33715.4000
843.600                    33574.6000
844.100                    33448.9000
844.600                    33660.6000
845.100                    34046.2000
845.600                    33504.4000
846.100                    33813.7000
846.600                    33498.1000
847.100                    33600.9000
847.600                    33756.3000
848.100                    33941.8000
848.600                    33826.3000
849.100                    33830.9000
849.600                    33678.9000
850.100                    33724.8000
850.600                    33966.8000
851.100                    33762.0000
851.600                    34034.5000
852.100                    34066.0000
852.600                    33848.1000
853.100                    34302.7000
853.600                    34309.3000
854.100                    34100.5000
854.600                    34230.6000
855.100                    34345.1000
855.600                    34580.9000
856.100                    34489.8000
856.600                    34636.2000
857.100                    34687.2000
857.600                    35078.2000
858.100                    34979.5000
858.600                    35276.7000
859.100                    35314.5000
859.600                    34817.8000
860.100                    35140.2000
860.600                    34961.6000
861.100                    34883.1000
861.600                    34672.0000
862.100                    34330.4000
862.600                    34273.4000
863.100                    34156.0000
863.600                    34459.8000
864.100                    34197.9000
864.600                    34501.6000
865.100                    34331.6000
865.600                    34208.1000
866.100                    34004.3000
866.600                    34024.8000
867.100                    34182.2000
867.600                    34612.1000
868.100                    34427.1000
868.600                    34389.4000
869.100                    34432.8000
869.600                    34794.8000
870.100                    34699.6000
870.600                    34520.1000
871.100                    34724.3000
871.600                    34429.1000
872.100                    34505.7000
872.600                    34684.4000
873.100                    34626.7000
873.600                    34921.0000
874.100                    34918.5000
874.600                    34783.8000
875.100                    34852.9000
875.600                    35028.9000
876.100                    34666.3000
876.600                    34982.9000
877.100                    34825.0000
877.600                    35024.2000
878.100                    34721.6000
878.600                    35148.3000
879.100                    35285.5000
879.600                    35327.6000
880.100                    35254.7000
880.600                    35247.4000
881.100                    35036.0000
881.600                    35047.6000
882.100                    35064.7000
882.600                    34946.1000
883.100                    35160.3000
883.600                    35095.0000
884.100                    35257.2000
884.600                    35076.5000
885.100                    35217.2000
885.600                    35425.3000
886.100                    35150.4000
886.600                    35138.9000
887.100                    34867.6000
887.600                    34911.7000
888.100                    35094.7000
888.600                    34761.2000
889.100                    34716.4000
889.600                    34892.6000
890.100                    34789.5000
890.600                    34758.8000
891.100                    34607.8000
891.600                    34714.1000
892.100                    34951.8000
892.600                    34945.9000
893.100                    34955.8000
893.600                    35279.2000
894.100                    35381.2000
894.600                    35711.1000
895.100                    35972.7000
895.600                    36362.2000
896.100                    36828.1000
896.600                    37850.6000
897.100                    38187.7000
897.600                    39627.2000
898.100                    40708.2000
898.600                    42105.0000
899.100                    43485.7000
899.600                    43974.3000
900.100                    44028.6000
900.600                    43904.1000
901.100                    42783.5000
901.600                    40909.7000
902.100                    39421.6000
902.600                    37959.3000
903.100                    36780.2000
903.600                    35616.9000
904.100                    34826.6000
904.600                    33747.4000
905.100                    33021.4000
905.600                    32758.7000
906.100                    32722.2000
906.600                    32797.7000
907.100                    32468.5000
907.600                    31913.5000
908.100                    31989.2000
908.600                    31591.5000
909.100                    31633.0000
909.600                    31304.5000
910.100                    31090.1000
910.600                    31174.4000
911.100                    30970.9000
911.600                    31120.5000
912.100                    31197.7000
912.600                    31287.3000
913.100                    31583.3000
913.600                    32342.2000
914.100                    32853.8000
914.600                    34197.1000
915.100                    34968.4000
915.600                    36722.8000
916.100                    38619.6000
916.600                    41013.7000
917.100                    43432.2000
917.600                    45104.4000
918.100                    45678.9000
918.600                    45085.3000
919.100                    42937.7000
919.600                    39962.4000
920.100                    37520.4000
920.600                    34868.3000
921.100                    32752.5000
921.600                    30946.6000
922.100                    29811.1000
922.600                    28766.9000
923.100                    27929.1000
923.600                    27604.0000
924.100                    27202.6000
924.600                    26856.0000
925.100                    26575.4000
925.600                    26553.2000
926.100                    26436.2000
926.600                    26560.1000
927.100                    26523.3000
927.600                    26300.5000
928.100                    25766.5000
928.600                    25706.8000
929.100                    24924.6000
929.600                    24722.0000
930.100                    24448.3000
930.600                    24020.1000
931.100                    23886.9000
931.600                    23583.0000
932.100                    23169.5000
932.600                    23391.5000
933.100                    22879.5000
933.600                    22996.4000
934.100                    22874.6000
934.600                    22618.1000
935.100                    22671.3000
935.600                    22696.2000
936.100                    22839.7000
936.600                    22779.8000
937.100                    22661.7000
937.600                    22405.8000
938.100                    22344.6000
938.600                    22504.5000
939.100                    22587.7000
939.600                    22549.6000
940.100                    22684.3000
940.600                    22836.0000
941.100                    22895.7000
941.600                    23013.8000
942.100                    23125.4000
942.600                    23287.6000
943.100                    23726.4000
943.600                    23316.8000
944.100                    23664.8000
944.600                    23384.0000
945.100                    23311.3000
945.600                    23150.3000
946.100                    22684.5000
946.600                    22595.2000
947.100                    22243.9000
947.600                    22143.0000
948.100                    21920.1000
948.600                    21780.5000
949.100                    21768.4000
949.600                    21685.6000
950.100                    21672.2000
950.600                    21541.5000
951.100                    21438.1000
951.600                    21497.9000
952.100                    21518.9000
952.600                    21297.4000
953.100                    21347.6000
953.600                    20985.1000
954.100                    21203.0000
954.600                    21115.5000
955.100                    20972.2000
955.600                    21208.4000
956.100                    21168.1000
956.600                    21021.8000
957.100                    20853.3000
957.600                    21053.4000
958.100                    21071.9000
958.600                    20941.0000
959.100                    20968.7000
959.600                    20880.9000
960.100                    21154.0000
960.600                    21035.3000
961.100                    20980.9000
961.600                    20896.4000
962.100                    20965.9000
962.600                    20849.1000
963.100                    21048.0000
963.600                    21105.3000
964.100                    21046.4000
964.600                    21257.6000
965.100                    21671.7000
965.600                    21705.5000
966.100                    21765.9000
966.600                    21915.7000
967.100                    22197.0000
967.600                    23079.5000
968.100                    23857.1000
968.600                    24699.8000
969.100                    24511.6000
969.600                    23997.9000
970.100                    23086.0000
970.600                    21749.0000
971.100                    20984.3000
971.600                    20849.5000
972.100                    20604.1000
972.600                    20484.8000
973.100                    20596.0000
973.600                    20572.7000
974.100                    20561.2000
974.600                    20482.2000
975.100                    20604.0000
975.600                    20520.0000
976.100                    20557.9000
976.600                    20678.7000
977.100                    21164.2000
977.600                    20721.3000
978.100                    20813.0000
978.600                    20840.7000
979.100                    20762.2000
979.600                    20693.4000
980.100                    20556.7000
980.600                    20613.6000
981.100                    20499.1000
981.600                    20673.9000
982.100                    20604.0000
982.600                    20550.4000
983.100                    20555.2000
983.600                    20393.6000
984.100                    20546.0000
984.600                    20485.7000
985.100                    20631.7000
985.600                    20580.2000
986.100                    20486.5000
986.600                    20730.6000
987.100                    20628.2000
987.600                    20682.3000
988.100                    20400.2000
988.600                    20693.0000
989.100                    20639.4000
989.600                    20380.4000
990.100                    20555.4000
990.600                    20538.9000
991.100                    20541.3000
991.600                    20471.6000
992.100                    20545.5000
992.600                    20585.1000
993.100                    20413.4000
993.600                    20343.5000
994.100                    20608.0000
994.600                    20535.5000
995.100                    20654.1000
995.600                    20647.0000
996.100                    20753.4000
996.600                    20710.5000
997.100                    20493.8000
997.600                    20647.5000
998.100                    20621.4000
998.600                    20564.9000
999.100                    20593.5000
999.600                    20527.0000
1000.100                   20355.1000
1000.600                   20585.8000
1001.100                   20865.2000
1001.600                   20577.3000
1002.100                   20459.4000
1002.600                   20593.0000
1003.100                   20613.6000
1003.600                   20695.2000
1004.100                   20530.7000
1004.600                   20557.8000
1005.100                   20621.5000
1005.600                   20553.2000
1006.100                   20470.0000
1006.600                   20559.1000
1007.100                   20788.3000
1007.600                   20483.9000
1008.100                   20737.8000
1008.600                   20665.8000
1009.100                   20504.5000
1009.600                   20535.4000
1010.100                   20729.0000
1010.600                   20807.2000
1011.100                   20820.0000
1011.600                   20696.3000
1012.100                   20688.2000
1012.600                   20644.4000
1013.100                   20751.2000
1013.600                   20825.0000
1014.100                   20717.2000
1014.600                   20748.0000
1015.100                   20901.6000
1015.600                   20723.8000
1016.100                   20738.1000
1016.600                   20621.5000
1017.100                   20805.4000
1017.600                   20670.9000
1018.100                   20714.6000
1018.600                   20617.2000
1019.100                   20792.7000
1019.600                   20667.3000
1020.100                   20659.2000
1020.600                   20854.2000
1021.100                   20838.4000
1021.600                   20737.0000
1022.100                   20768.5000
1022.600                   20937.0000
1023.100                   20788.6000
1023.600                   20847.6000
1024.100                   21031.2000
1024.600                   21082.7000
1025.100                   21201.2000
1025.600                   21142.6000
1026.100                   21209.8000
1026.600                   21330.3000
1027.100                   21292.9000
1027.600                   21150.4000
1028.100                   21288.1000
1028.600                   20987.2000
1029.100                   20908.0000
1029.600                   20701.2000
1030.100                   20829.9000
1030.600                   20812.2000
1031.100                   20843.5000
1031.600                   20914.0000
1032.100                   20961.7000
1032.600                   21254.2000
1033.100                   21159.3000
1033.600                   20838.2000
1034.100                   20881.9000
1034.600                   21170.8000
1035.100                   20946.9000
1035.600                   20849.2000
1036.100                   20960.1000
1036.600                   20735.7000
1037.100                   20870.0000
1037.600                   20919.0000
1038.100                   20898.3000
1038.600                   20988.1000
1039.100                   20848.8000
1039.600                   20958.5000
1040.100                   21152.8000
1040.600                   21099.5000
1041.100                   20969.8000
1041.600                   20840.2000
1042.100                   20938.5000
1042.600                   20986.8000
1043.100                   20970.6000
1043.600                   20905.6000
1044.100                   21005.4000
1044.600                   21025.7000
1045.100                   21003.7000
1045.600                   21129.0000
1046.100                   21019.3000
1046.600                   21002.1000
1047.100                   21299.3000
1047.600                   21312.4000
1048.100                   21034.7000
1048.600                   21071.0000
1049.100                   21149.0000
1049.600                   21371.1000
1050.100                   21194.5000
1050.600                   20967.8000
1051.100                   21132.0000
1051.600                   21107.1000
1052.100                   21286.9000
1052.600                   21329.6000
1053.100                   21262.0000
1053.600                   21473.8000
1054.100                   21561.2000
1054.600                   21430.5000
1055.100                   21316.8000
1055.600                   21398.2000
1056.100                   21669.3000
1056.600                   21514.5000
1057.100                   21248.7000
1057.600                   21213.7000
1058.100                   21436.4000
1058.600                   21356.9000
1059.100                   21183.7000
1059.600                   21440.4000
1060.100                   21340.0000
1060.600                   21239.9000
1061.100                   21612.4000
1061.600                   21405.1000
1062.100                   21482.6000
1062.600                   21313.5000
1063.100                   21389.8000
1063.600                   21144.3000
1064.100                   21396.8000
1064.600                   21547.4000
1065.100                   21401.7000
1065.600                   21454.5000
1066.100                   21345.9000
1066.600                   21508.2000
1067.100                   21494.6000
1067.600                   21365.0000
1068.100                   21508.2000
1068.600                   21646.0000
1069.100                   21639.3000
1069.600                   21641.6000
1070.100                   21511.4000
1070.600                   21599.2000
1071.100                   21585.0000
1071.600                   21705.4000
1072.100                   21615.2000
1072.600                   21693.1000
1073.100                   21538.0000
1073.600                   21674.5000
1074.100                   21476.6000
1074.600                   21528.3000
1075.100                   21522.0000
1075.600                   21666.3000
1076.100                   21686.7000
1076.600                   21932.7000
1077.100                   21982.9000
1077.600                   21569.5000
1078.100                   21794.6000
1078.600                   22077.7000
1079.100                   21848.6000
1079.600                   21992.0000
1080.100                   21797.0000
1080.600                   21761.5000
1081.100                   22048.0000
1081.600                   22028.2000
1082.100                   21936.8000
1082.600                   21883.8000
1083.100                   21883.5000
1083.600                   21808.0000
1084.100                   21952.7000
1084.600                   22216.7000
1085.100                   22093.2000
1085.600                   22115.2000
1086.100                   22046.6000
1086.600                   22007.9000
1087.100                   22080.7000
1087.600                   22030.4000
1088.100                   21982.9000
1088.600                   22331.1000
1089.100                   22114.3000
1089.600                   22090.2000
1090.100                   22462.5000
1090.600                   22510.4000
1091.100                   22534.5000
1091.600                   22651.1000
1092.100                   22280.4000
1092.600                   22166.6000
1093.100                   22342.9000
1093.600                   22139.3000
1094.100                   22056.5000
1094.600                   22261.2000
1095.100                   22020.7000
1095.600                   22264.9000
1096.100                   22360.2000
1096.600                   22363.7000
1097.100                   22048.6000
1097.600                   22382.4000
1098.100                   22428.1000
1098.600                   22852.2000
1099.100                   22678.4000
1099.600                   22938.4000
1100.100                   22746.3000
1100.600                   23066.1000
1101.100                   22807.5000
1101.600                   22404.3000
1102.100                   22656.0000
1102.600                   22639.8000
1103.100                   22548.3000
1103.600                   22640.5000
1104.100                   22632.9000
1104.600                   22528.6000
1105.100                   22504.8000
1105.600                   22693.4000
1106.100                   22389.3000
1106.600                   22520.8000
1107.100                   22630.9000
1107.600                   22565.1000
1108.100                   22629.0000
1108.600                   22694.2000
1109.100                   22727.6000
1109.600                   22651.2000
1110.100                   22881.7000
1110.600                   22928.0000
1111.100                   22859.0000
1111.600                   22882.3000
1112.100                   22747.9000
1112.600                   22811.0000
1113.100                   23028.2000
1113.600                   22766.3000
1114.100                   22676.9000
1114.600                   22944.7000
1115.100                   23141.5000
1115.600                   22997.3000
1116.100                   23080.0000
1116.600                   23130.0000
1117.100                   23141.8000
1117.600                   23138.1000
1118.100                   23008.6000
1118.600                   23172.2000
1119.100                   23421.4000
1119.600                   23189.0000
1120.100                   23110.8000
1120.600                   23340.5000
1121.100                   23416.3000
1121.600                   23573.6000
1122.100                   23518.6000
1122.600                   23265.2000
1123.100                   23309.0000
1123.600                   23441.4000
1124.100                   23461.8000
1124.600                   23447.2000
1125.100                   23634.3000
1125.600                   23602.6000
1126.100                   23577.8000
1126.600                   23484.1000
1127.100                   23900.6000
1127.600                   23756.5000
1128.100                   23817.8000
1128.600                   23672.9000
1129.100                   24028.3000
1129.600                   24123.5000
1130.100                   24199.8000
1130.600                   24109.5000
1131.100                   24203.2000
1131.600                   24370.5000
1132.100                   24415.3000
1132.600                   24395.3000
1133.100                   24336.8000
1133.600                   24814.1000
1134.100                   24639.2000
1134.600                   24599.8000
1135.100                   24566.0000
1135.600                   24844.8000
1136.100                   24617.3000
1136.600                   24875.5000
1137.100                   24791.9000
1137.600                   24873.0000
1138.100                   25067.2000
1138.600                   24959.4000
1139.100                   25347.3000
1139.600                   25649.5000
1140.100                   25621.0000
1140.600                   25834.5000
1141.100                   25905.5000
1141.600                   26215.0000
1142.100                   26291.5000
1142.600                   26145.0000
1143.100                   25864.0000
1143.600                   25951.3000
1144.100                   26005.5000
1144.600                   25796.7000
1145.100                   25910.2000
1145.600                   25882.1000
1146.100                   25808.1000
1146.600                   25624.1000
1147.100                   25348.9000
1147.600                   25107.8000
1148.100                   24872.4000
1148.600                   25223.9000
1149.100                   25085.2000
1149.600                   25336.4000
1150.100                   25390.1000
1150.600                   25385.0000
1151.100                   25256.4000
1151.600                   25220.2000
1152.100                   25071.2000
1152.600                   24673.0000
1153.100                   24493.6000
1153.600                   24233.7000
1154.100                   23672.7000
1154.600                   23619.4000
1155.100                   23313.0000
1155.600                   23048.8000
1156.100                   22687.4000
1156.600                   22151.5000
1157.100                   21900.0000
1157.600                   21596.5000
1158.100                   21550.4000
1158.600                   21577.8000
1159.100                   21277.8000
1159.600                   20919.7000
1160.100                   20974.1000
1160.600                   20830.9000
1161.100                   20642.3000
1161.600                   21121.4000
1162.100                   21519.7000
1162.600                   22344.1000
1163.100                   23743.3000
1163.600                   26860.3000
1164.100                   34526.2000
1164.600                   46235.4000
1165.100                   58117.3000
1165.600                   64813.1000
1166.100                   58922.6000
1166.600                   44760.3000
1167.100                   34525.1000
1167.600                   35481.3000
1168.100                   46457.0000
1168.600                   61378.2000
1169.100                   72428.3000
1169.600                   71008.1000
1170.100                   53793.5000
1170.600                   33395.2000
1171.100                   21670.9000
1171.600                   17188.1000
1172.100                   15794.2000
1172.600                   15350.7000
1173.100                   15915.6000
1173.600                   16730.9000
1174.100                   17226.3000
1174.600                   17205.5000
1175.100                   16748.3000
1175.600                   16486.9000
1176.100                   16272.8000
1176.600                   16345.2000
1177.100                   16643.1000
1177.600                   17177.6000
1178.100                   17203.4000
1178.600                   16611.2000
1179.100                   15925.7000
1179.600                   15430.1000
1180.100                   14526.1000
1180.600                   13462.2000
1181.100                   12134.9000
1181.600                   11431.8000
1182.100                   11314.9000
1182.600                   11199.0000
1183.100                   11184.0000
1183.600                   10912.3000
1184.100                   10937.3000
1184.600                   10844.5000
1185.100                   10781.9000
1185.600                   11027.2000
1186.100                   10890.8000
1186.600                   10932.0000
1187.100                   10689.1000
1187.600                   10821.8000
1188.100                   10745.3000
1188.600                   10555.3000
1189.100                   10546.0000
1189.600                   10759.6000
1190.100                   10634.1000
1190.600                   10527.3000
1191.100                   10497.7000
1191.600                   10544.5000
1192.100                   10404.4000
1192.600                   10676.9000
1193.100                   10779.7000
1193.600                   10909.1000
1194.100                   11102.5000
1194.600                   11356.0000
1195.100                   11279.2000
1195.600                   11422.4000
1196.100                   11415.6000
1196.600                   11432.2000
1197.100                   11322.3000
1197.600                   11224.2000
1198.100                   10883.4000
1198.600                   10764.8000
1199.100                   10589.0000
1199.600                   10505.8000
1200.100                   10147.7000
1200.600                   10093.1000
1201.100                   10051.8000
1201.600                    9815.6000
1202.100                    9829.3000
1202.600                    9934.9000
1203.100                    9775.8000
1203.600                    9783.7000
1204.100                    9712.6000
1204.600                    9779.5000
1205.100                    9719.7000
1205.600                    9670.3000
1206.100                    9565.0000
1206.600                    9701.9000
1207.100                    9616.6000
1207.600                    9621.5000
1208.100                    9707.9000
1208.600                    9585.8000
1209.100                    9560.0000
1209.600                    9700.6000
1210.100                    9684.7000
1210.600                    9468.6000
1211.100                    9551.5000
1211.600                    9542.0000
1212.100                    9497.8000
1212.600                    9645.7000
1213.100                    9556.5000
1213.600                    9454.1000
1214.100                    9616.6000
1214.600                    9393.7000
1215.100                    9363.1000
1215.600                    9285.8000
1216.100                    9309.7000
1216.600                    9278.3000
1217.100                    9232.8000
1217.600                    9141.6000
1218.100                    9052.7000
1218.600                    9189.8000
1219.100                    9085.0000
1219.600                    9178.6000
1220.100                    9144.8000
1220.600                    9087.4000
1221.100                    8885.9000
1221.600                    9130.5000
1222.100                    9096.2000
1222.600                    8970.8000
1223.100                    8933.3000
1223.600                    8956.4000
1224.100                    8958.6000
1224.600                    9088.4000
1225.100                    9026.8000
1225.600                    9091.9000
1226.100                    9077.6000
1226.600                    9029.2000
1227.100                    9027.7000
1227.600                    8909.6000
1228.100                    9113.5000
1228.600                    9035.4000
1229.100                    8981.4000
1229.600                    8937.4000
1230.100                    8985.8000
1230.600                    8939.6000
1231.100                    8843.0000
1231.600                    8776.3000
1232.100                    8744.1000
1232.600                    8799.0000
1233.100                    8741.1000
1233.600                    8826.1000
1234.100                    8740.6000
1234.600                    8644.2000
1235.100                    8864.4000
1235.600                    8760.9000
1236.100                    8671.0000
1236.600                    8665.9000
1237.100                    8585.7000
1237.600                    8588.7000
1238.100                    8660.5000
1238.600                    8701.2000
1239.100                    8622.7000
1239.600                    8525.1000
1240.100                    8608.7000
1240.600                    8473.5000
1241.100                    8647.5000
1241.600                    8521.1000
1242.100                    8480.5000
1242.600                    8422.6000
1243.100                    8442.4000
1243.600                    8481.7000
1244.100                    8657.6000
1244.600                    8842.0000
1245.100                    9376.9000
1245.600                   10239.9000
1246.100                   10889.7000
1246.600                   11394.6000
1247.100                   11564.1000
1247.600                   11670.3000
1248.100                   11632.2000
1248.600                   11656.4000
1249.100                   11831.8000
1249.600                   11891.1000
1250.100                   11721.2000
1250.600                   11366.0000
1251.100                   10460.4000
1251.600                    9525.7000
1252.100                    8686.8000
1252.600                    8092.2000
1253.100                    7868.4000
1253.600                    7714.4000
1254.100                    7726.3000
1254.600                    7629.8000
1255.100                    7747.5000
1255.600                    7699.4000
1256.100                    7738.9000
1256.600                    7656.9000
1257.100                    7599.9000
1257.600                    7840.2000
1258.100                    7664.2000
1258.600                    7694.8000
1259.100                    7811.5000
1259.600                    7592.6000
